Wavelength	Irradiance
(nm)	(mW/cm2/nm)

294.396000	0.000000
294.577000	0.000000
294.757000	-0.000000
294.938000	-0.000000
295.118000	-0.000000
295.299000	0.000000
295.479000	-0.000000
295.660000	-0.000000
295.840000	-0.000000
296.021000	-0.000000
296.202000	-0.000000
296.382000	-0.000000
296.563000	-0.000000
296.743000	-0.000000
296.924000	0.000000
297.104000	-0.000000
297.285000	-0.000000
297.465000	-0.000000
297.646000	-0.000000
297.826000	-0.000000
298.007000	0.000000
298.187000	-0.000000
298.368000	-0.000000
298.548000	0.000000
298.729000	0.000000
298.909000	-0.000000
299.090000	-0.000000
299.270000	-0.000000
299.451000	-0.000000
299.631000	-0.000000
299.812000	-0.000000
299.992000	0.000000
300.173000	0.000000
300.353000	-0.000000
300.534000	0.000000
300.714000	0.000000
300.895000	0.000000
301.075000	-0.000000
301.256000	0.000000
301.436000	-0.000000
301.617000	-0.000000
301.797000	-0.000000
301.978000	-0.000000
302.159000	0.000000
302.339000	0.000000
302.520000	-0.000000
302.700000	-0.000000
302.881000	0.000000
303.061000	0.000000
303.242000	0.000000
303.422000	0.000000
303.603000	-0.000000
303.783000	-0.000000
303.964000	-0.000000
304.144000	-0.000000
304.325000	-0.000000
304.505000	-0.000000
304.686000	-0.000000
304.866000	0.000000
305.047000	-0.000000
305.227000	-0.000000
305.408000	-0.000000
305.588000	-0.000000
305.769000	-0.000000
305.949000	-0.000000
306.130000	-0.000000
306.310000	-0.000000
306.491000	-0.000000
306.671000	0.000000
306.852000	-0.000000
307.032000	-0.000000
307.213000	-0.000000
307.393000	-0.000000
307.574000	0.000000
307.755000	0.000000
307.935000	0.000000
308.116000	-0.000000
308.296000	-0.000000
308.477000	0.000000
308.657000	0.000000
308.838000	0.000000
309.018000	0.000000
309.199000	-0.000000
309.379000	-0.000000
309.560000	0.000000
309.740000	-0.000000
309.921000	0.000000
310.101000	0.000000
310.282000	-0.000000
310.462000	-0.000000
310.643000	-0.000000
310.823000	-0.000000
311.004000	-0.000000
311.184000	-0.000000
311.365000	0.000000
311.545000	0.000000
311.726000	0.000000
311.906000	0.000000
312.087000	0.000000
312.267000	-0.000000
312.448000	-0.000000
312.628000	-0.000000
312.809000	-0.000000
312.989000	-0.000000
313.170000	-0.000000
313.344000	-0.000000
313.518000	-0.000000
313.691000	-0.000000
313.865000	-0.000000
314.039000	-0.000000
314.213000	-0.000000
314.387000	-0.000000
314.560000	-0.000000
314.734000	-0.000000
314.908000	-0.000000
315.082000	-0.000000
315.255000	0.000000
315.429000	0.000000
315.603000	-0.000000
315.777000	-0.000000
315.951000	0.000000
316.124000	-0.000000
316.298000	-0.000000
316.472000	-0.000000
316.646000	-0.000000
316.820000	-0.000000
316.993000	-0.000000
317.167000	-0.000000
317.341000	-0.000000
317.515000	-0.000000
317.688000	-0.000000
317.862000	-0.000000
318.036000	-0.000000
318.210000	-0.000000
318.384000	-0.000000
318.557000	-0.000000
318.731000	-0.000000
318.905000	-0.000000
319.079000	-0.000000
319.253000	-0.000000
319.426000	0.000000
319.600000	0.000000
319.774000	-0.000000
319.948000	-0.000000
320.122000	0.000000
320.295000	-0.000000
320.469000	-0.000000
320.643000	-0.000000
320.817000	-0.000000
320.990000	-0.000000
321.164000	-0.000000
321.338000	-0.000000
321.512000	-0.000000
321.686000	-0.000000
321.859000	-0.000000
322.033000	-0.000000
322.207000	-0.000000
322.381000	-0.000000
322.555000	0.000000
322.728000	-0.000000
322.902000	-0.000000
323.076000	-0.000000
323.250000	-0.000000
323.423000	-0.000000
323.597000	-0.000000
323.771000	-0.000000
323.945000	-0.000000
324.119000	-0.000000
324.292000	0.000000
324.466000	-0.000000
324.640000	0.000000
324.814000	0.000000
324.988000	-0.000000
325.161000	-0.000000
325.335000	-0.000000
325.509000	-0.000000
325.683000	-0.000000
325.856000	-0.000000
326.030000	-0.000000
326.204000	-0.000000
326.378000	-0.000000
326.552000	-0.000000
326.725000	-0.000000
326.899000	-0.000000
327.073000	-0.000000
327.247000	-0.000000
327.421000	0.000000
327.594000	-0.000000
327.768000	-0.000000
327.942000	-0.000000
328.116000	0.000000
328.289000	0.000000
328.463000	-0.000000
328.637000	0.000000
328.811000	-0.000000
328.985000	-0.000000
329.158000	-0.000000
329.332000	-0.000000
329.506000	0.000000
329.680000	-0.000000
329.854000	-0.000000
330.027000	-0.000000
330.201000	0.000000
330.375000	0.000000
330.549000	0.000000
330.723000	-0.000000
330.896000	-0.000000
331.070000	-0.000000
331.244000	-0.000000
331.418000	-0.000000
331.591000	-0.000000
331.765000	-0.000000
331.939000	-0.000000
332.113000	-0.000000
332.287000	-0.000000
332.460000	0.000000
332.634000	0.000000
332.808000	-0.000000
332.982000	-0.000000
333.156000	-0.000000
333.329000	-0.000000
333.503000	-0.000000
333.677000	-0.000000
333.851000	-0.000000
334.024000	-0.000000
334.198000	-0.000000
334.372000	-0.000000
334.546000	-0.000000
334.720000	-0.000000
334.893000	-0.000000
335.067000	-0.000000
335.241000	-0.000000
335.415000	-0.000000
335.589000	-0.000000
335.762000	-0.000000
335.936000	-0.000000
336.110000	-0.000000
336.284000	-0.000000
336.458000	-0.000000
336.631000	-0.000000
336.805000	-0.000000
336.979000	-0.000000
337.153000	-0.000000
337.326000	-0.000000
337.500000	-0.000000
337.674000	-0.000000
337.848000	-0.000000
338.022000	-0.000000
338.195000	-0.000000
338.369000	-0.000000
338.543000	-0.000000
338.717000	-0.000000
338.891000	0.000000
339.064000	0.000000
339.238000	-0.000000
339.412000	-0.000000
339.586000	-0.000000
339.759000	-0.000000
339.933000	-0.000000
340.107000	0.000000
340.281000	-0.000000
340.455000	-0.000000
340.628000	-0.000000
340.802000	-0.000000
340.976000	-0.000000
341.150000	-0.000000
341.324000	-0.000000
341.497000	-0.000000
341.671000	-0.000000
341.845000	-0.000000
342.019000	-0.000000
342.192000	-0.000000
342.366000	-0.000000
342.540000	-0.000000
342.714000	-0.000000
342.888000	-0.000000
343.061000	-0.000000
343.235000	-0.000000
343.409000	-0.000000
343.583000	-0.000000
343.757000	-0.000000
343.930000	-0.000000
344.104000	-0.000000
344.278000	0.000000
344.452000	0.000000
344.626000	-0.000000
344.799000	-0.000000
344.973000	-0.000000
345.147000	-0.000000
345.321000	-0.000000
345.494000	-0.000000
345.668000	0.000000
345.842000	0.000000
346.016000	-0.000000
346.190000	0.000000
346.363000	0.000000
346.537000	-0.000000
346.711000	-0.000000
346.885000	-0.000000
347.059000	-0.000000
347.232000	-0.000000
347.406000	0.000000
347.580000	-0.000000
347.754000	-0.000000
347.927000	-0.000000
348.101000	0.000000
348.275000	-0.000000
348.449000	-0.000000
348.623000	-0.000000
348.796000	0.000000
348.970000	0.000000
349.144000	-0.000000
349.318000	-0.000000
349.492000	-0.000000
349.665000	-0.000000
349.839000	-0.000000
350.013000	-0.000000
350.187000	-0.000000
350.361000	-0.000000
350.534000	-0.000000
350.708000	-0.000000
350.882000	-0.000000
351.056000	0.000000
351.229000	-0.000000
351.403000	-0.000000
351.577000	-0.000000
351.751000	-0.000000
351.925000	-0.000000
352.098000	-0.000000
352.272000	-0.000000
352.446000	-0.000000
352.620000	-0.000000
352.794000	-0.000000
352.967000	-0.000000
353.141000	0.000000
353.315000	0.000000
353.489000	-0.000000
353.662000	-0.000000
353.836000	-0.000000
354.010000	-0.000000
354.184000	-0.000000
354.358000	-0.000000
354.531000	-0.000000
354.705000	-0.000000
354.879000	-0.000000
355.053000	-0.000000
355.227000	0.000000
355.400000	-0.000000
355.574000	0.000000
355.748000	0.000000
355.922000	-0.000000
356.095000	-0.000000
356.269000	-0.000000
356.443000	-0.000000
356.617000	-0.000000
356.791000	-0.000000
356.964000	-0.000000
357.138000	-0.000000
357.312000	-0.000000
357.486000	-0.000000
357.660000	-0.000000
357.833000	-0.000000
358.007000	-0.000000
358.181000	-0.000000
358.355000	-0.000000
358.529000	-0.000000
358.702000	-0.000000
358.876000	-0.000000
359.050000	-0.000000
359.224000	-0.000000
359.397000	-0.000000
359.571000	-0.000000
359.745000	-0.000000
359.919000	-0.000000
360.093000	-0.070414
360.266000	0.010520
360.440000	0.068791
360.614000	0.131482
360.788000	0.024261
360.962000	-0.230544
361.135000	-0.081574
361.309000	-0.172883
361.483000	-0.316795
361.657000	-0.272120
361.830000	-0.229979
362.004000	-0.056932
362.178000	-0.363434
362.352000	-0.243959
362.526000	-0.070562
362.699000	-0.084661
362.873000	-0.428555
363.047000	-0.417092
363.221000	-0.383463
363.395000	-0.224248
363.568000	-0.261366
363.742000	-0.256978
363.916000	-0.223070
364.090000	-0.311313
364.263000	-0.283884
364.437000	-0.380220
364.611000	-0.086957
364.785000	-0.079247
364.959000	-0.231056
365.132000	-0.276428
365.306000	-0.321485
365.480000	-0.142746
365.656000	-0.226572
365.831000	-0.222720
366.007000	-0.193215
366.183000	-0.169479
366.358000	-0.314393
366.534000	-0.215660
366.710000	-0.383431
366.886000	-0.303933
367.061000	-0.109042
367.237000	0.060552
367.413000	-0.127039
367.588000	-0.367594
367.764000	-0.330009
367.940000	-0.311027
368.115000	-0.281122
368.291000	-0.339765
368.467000	-0.250622
368.643000	0.066169
368.818000	-0.296885
368.994000	-0.395813
369.170000	-0.318670
369.345000	-0.240330
369.521000	-0.268412
369.697000	-0.127273
369.872000	-0.246657
370.048000	-0.395242
370.224000	-0.305674
370.399000	-0.478408
370.575000	-0.372175
370.751000	-0.458754
370.927000	-0.421649
371.102000	-0.378001
371.278000	-0.384293
371.454000	-0.265419
371.629000	-0.029089
371.805000	-0.097248
371.981000	0.075732
372.156000	0.254644
372.332000	0.033692
372.508000	-0.068076
372.683000	-0.090283
372.859000	-0.175507
373.035000	-0.215204
373.211000	0.191525
373.386000	-0.004773
373.562000	-0.432712
373.738000	-0.511311
373.913000	-0.644212
374.089000	-0.461125
374.265000	-0.054036
374.440000	-0.051202
374.616000	-0.006448
374.792000	-0.208948
374.968000	0.161246
375.143000	-0.080917
375.319000	-0.318615
375.495000	-0.426128
375.670000	-0.310076
375.846000	-0.151391
376.022000	-0.306112
376.197000	-0.230103
376.373000	-0.409350
376.549000	-0.423949
376.724000	-0.478305
376.900000	-0.348082
377.076000	-0.224235
377.252000	0.023726
377.427000	0.131395
377.603000	-0.260739
377.779000	-0.203192
377.954000	-0.338867
378.130000	-0.229517
378.306000	-0.187270
378.481000	-0.218139
378.657000	-0.276832
378.833000	-0.301505
379.009000	-0.163945
379.184000	-0.036320
379.360000	-0.136619
379.536000	-0.142508
379.711000	-0.235121
379.887000	-0.311057
380.063000	-0.314039
380.238000	-0.371620
380.414000	-0.111527
380.590000	-0.358790
380.765000	-0.389346
380.941000	-0.134491
381.117000	-0.085407
381.293000	-0.165914
381.468000	-0.328285
381.644000	-0.259972
381.820000	-0.163540
381.995000	-0.014011
382.171000	0.152004
382.347000	0.087048
382.522000	-0.328170
382.698000	-0.023289
382.874000	0.012642
383.050000	-0.329763
383.225000	0.020548
383.401000	0.200014
383.577000	-0.163081
383.752000	-0.298266
383.928000	-0.210752
384.104000	-0.158806
384.279000	-0.254388
384.455000	-0.151351
384.631000	-0.201116
384.806000	-0.411409
384.982000	-0.176550
385.158000	-0.212470
385.334000	-0.090677
385.509000	-0.151347
385.685000	-0.488196
385.861000	-0.334343
386.036000	-0.404078
386.212000	-0.555029
386.388000	-0.336171
386.563000	-0.314073
386.739000	-0.397944
386.915000	-0.593751
387.090000	-0.285134
387.266000	-0.051111
387.442000	0.051374
387.618000	-0.084536
387.793000	-0.392766
387.969000	-0.555552
388.145000	-0.439422
388.320000	-0.357762
388.496000	-0.332555
388.672000	-0.562212
388.847000	-0.160749
389.023000	-0.092382
389.199000	-0.409128
389.375000	-0.262700
389.550000	-0.322889
389.726000	-0.145813
389.902000	-0.370175
390.077000	-0.219340
390.253000	-0.180308
390.429000	-0.249052
390.604000	-0.166362
390.780000	-0.139694
390.956000	-0.307546
391.131000	-0.347605
391.307000	-0.017927
391.483000	-0.183572
391.659000	-0.382095
391.834000	-0.175860
392.010000	-0.313836
392.186000	-0.342739
392.361000	-0.277164
392.537000	-0.434211
392.713000	0.063861
392.888000	0.244991
393.064000	-0.083247
393.240000	-0.292485
393.416000	-0.380742
393.591000	-0.478658
393.767000	-0.508521
393.943000	-0.375462
394.118000	-0.089206
394.294000	0.086512
394.470000	-0.072857
394.645000	-0.008587
394.821000	0.187522
394.997000	-0.113325
395.172000	-0.115621
395.348000	-0.268091
395.524000	-0.528108
395.700000	-0.379380
395.875000	-0.127701
396.051000	-0.163398
396.227000	-0.248442
396.402000	-0.307879
396.578000	-0.212893
396.754000	-0.350109
396.929000	-0.296887
397.105000	-0.048571
397.281000	-0.134496
397.457000	-0.262639
397.632000	-0.245741
397.808000	-0.487643
397.984000	-0.618854
398.159000	-0.519928
398.335000	-0.329174
398.511000	0.085521
398.686000	-0.160486
398.862000	-0.369774
399.038000	-0.473032
399.213000	-0.240939
399.389000	-0.486952
399.565000	-0.237794
399.741000	-0.020954
399.916000	-0.042455
400.092000	0.219152
400.268000	-0.165218
400.443000	-0.333100
400.619000	0.035527
400.795000	-0.089356
400.970000	-0.294240
401.146000	-0.364349
401.322000	-0.036695
401.497000	0.386646
401.673000	0.084103
401.849000	-0.242396
402.025000	-0.081775
402.200000	-0.225219
402.376000	-0.337751
402.552000	0.093446
402.727000	-0.077249
402.903000	-0.384591
403.079000	-0.303355
403.254000	-0.025172
403.430000	-0.019417
403.606000	-0.143978
403.782000	-0.171746
403.957000	-0.353017
404.133000	-0.523939
404.309000	-0.352417
404.484000	-0.149617
404.660000	-0.157052
404.841000	-0.290563
405.023000	-0.072488
405.204000	-0.097917
405.385000	-0.360110
405.566000	-0.368297
405.748000	-0.263144
405.929000	-0.028309
406.110000	-0.084228
406.292000	-0.217028
406.473000	-0.161743
406.654000	-0.329010
406.835000	-0.191909
407.017000	-0.242856
407.198000	-0.244290
407.379000	-0.198170
407.560000	-0.223657
407.742000	-0.264372
407.923000	-0.194445
408.104000	-0.356531
408.286000	-0.248746
408.467000	-0.159364
408.648000	-0.413066
408.829000	-0.479546
409.011000	-0.323289
409.192000	-0.495952
409.373000	-0.251747
409.555000	-0.140441
409.736000	-0.143647
409.917000	-0.217728
410.098000	-0.241100
410.280000	-0.164086
410.461000	-0.167892
410.642000	-0.176414
410.823000	0.072647
411.005000	-0.003973
411.186000	-0.232894
411.367000	-0.304437
411.549000	-0.334378
411.730000	-0.125956
411.911000	0.019293
412.092000	-0.173115
412.274000	-0.219198
412.455000	-0.139606
412.636000	-0.108500
412.818000	-0.309599
412.999000	-0.388110
413.180000	-0.289090
413.361000	-0.288810
413.543000	-0.333143
413.724000	-0.419770
413.905000	-0.403633
414.087000	-0.419313
414.268000	-0.426722
414.449000	-0.406137
414.630000	-0.496262
414.812000	-0.579606
414.993000	-0.212250
415.174000	-0.102125
415.355000	-0.295173
415.537000	-0.504057
415.718000	-0.246228
415.899000	-0.346401
416.081000	-0.422989
416.262000	-0.212314
416.443000	-0.346037
416.624000	-0.303215
416.806000	-0.199857
416.987000	-0.068613
417.168000	-0.172016
417.350000	-0.369045
417.531000	-0.392944
417.712000	-0.360268
417.893000	-0.138232
418.075000	-0.025878
418.256000	-0.260708
418.437000	-0.201524
418.618000	-0.115990
418.800000	-0.051977
418.981000	-0.247447
419.162000	-0.202067
419.344000	-0.049130
419.525000	-0.194065
419.706000	-0.232118
419.887000	-0.055862
420.069000	0.072974
420.250000	-0.031080
420.431000	-0.112733
420.613000	-0.194080
420.794000	-0.417754
420.975000	-0.072245
421.156000	-0.238130
421.338000	-0.287101
421.519000	-0.248236
421.700000	-0.311247
421.882000	-0.329353
422.063000	-0.117624
422.244000	0.315555
422.425000	0.060871
422.607000	-0.284554
422.788000	-0.292333
422.969000	-0.372926
423.150000	-0.392744
423.332000	-0.449599
423.513000	-0.267466
423.694000	-0.238982
423.876000	-0.195503
424.057000	-0.133336
424.238000	-0.074007
424.419000	-0.059873
424.601000	-0.215075
424.782000	-0.171860
424.963000	-0.001163
425.145000	-0.146281
425.326000	-0.145653
425.507000	-0.070723
425.688000	-0.155241
425.870000	-0.313150
426.051000	-0.415580
426.232000	-0.331636
426.413000	-0.318005
426.595000	-0.355091
426.776000	-0.353637
426.957000	-0.278658
427.139000	-0.223249
427.320000	-0.194407
427.501000	-0.085800
427.682000	-0.090563
427.864000	-0.104755
428.045000	0.080646
428.226000	0.013163
428.408000	-0.337102
428.589000	-0.183976
428.770000	-0.182265
428.951000	-0.309803
429.133000	-0.473683
429.314000	-0.273731
429.495000	-0.229253
429.677000	-0.239067
429.858000	-0.280522
430.039000	-0.206095
430.220000	-0.081086
430.402000	-0.043565
430.583000	-0.330913
430.764000	-0.292389
430.945000	-0.173410
431.127000	-0.075174
431.308000	-0.209496
431.489000	-0.056081
431.671000	0.012955
431.852000	-0.117093
432.033000	-0.243259
432.214000	-0.171563
432.396000	-0.081052
432.577000	-0.252846
432.758000	-0.424312
432.940000	-0.334733
433.121000	-0.214821
433.302000	-0.191291
433.483000	-0.037828
433.665000	0.060887
433.846000	-0.035310
434.027000	-0.182235
434.208000	-0.283734
434.390000	-0.386893
434.571000	-0.030142
434.752000	0.370680
434.934000	0.144547
435.115000	0.027584
435.296000	0.089961
435.477000	-0.080740
435.659000	-0.292850
435.840000	-0.199905
436.026000	-0.195620
436.211000	-0.286406
436.397000	-0.524213
436.582000	-0.394371
436.768000	-0.206755
436.953000	-0.288380
437.139000	-0.246279
437.325000	0.034126
437.510000	-0.019307
437.696000	0.098217
437.881000	0.071460
438.067000	-0.246335
438.252000	-0.202004
438.438000	-0.251154
438.624000	-0.255975
438.809000	-0.172308
438.995000	-0.084798
439.180000	-0.191846
439.366000	-0.241671
439.551000	-0.242538
439.737000	-0.215931
439.923000	-0.147272
440.108000	-0.217115
440.294000	-0.150179
440.479000	-0.042335
440.665000	-0.006912
440.850000	-0.065128
441.036000	-0.066444
441.222000	-0.138259
441.407000	-0.266341
441.593000	-0.130212
441.778000	-0.013815
441.964000	0.030431
442.149000	-0.265863
442.335000	-0.301507
442.521000	-0.209980
442.706000	-0.057370
442.892000	-0.106576
443.077000	-0.197866
443.263000	-0.106488
443.448000	-0.159641
443.634000	-0.209999
443.820000	0.094289
444.005000	-0.049779
444.191000	-0.260092
444.376000	-0.237381
444.562000	0.105769
444.747000	0.095022
444.933000	-0.024674
445.119000	-0.138133
445.304000	-0.228747
445.490000	-0.069471
445.675000	-0.064951
445.861000	-0.273208
446.046000	-0.252409
446.232000	-0.138864
446.418000	-0.080494
446.603000	-0.092798
446.789000	-0.093816
446.974000	-0.116531
447.160000	-0.321739
447.345000	-0.255573
447.531000	-0.280896
447.717000	-0.104933
447.902000	-0.032430
448.088000	0.011267
448.273000	-0.111984
448.459000	-0.139337
448.644000	-0.193671
448.830000	-0.276643
449.016000	-0.350819
449.201000	-0.272695
449.387000	-0.148824
449.572000	-0.065269
449.758000	-0.173752
449.943000	-0.254957
450.129000	-0.288182
450.315000	-0.287640
450.500000	-0.287890
450.686000	-0.206613
450.871000	-0.311932
451.057000	-0.173318
451.243000	-0.157671
451.428000	-0.157883
451.614000	-0.164123
451.799000	-0.211393
451.985000	0.000110
452.170000	0.033111
452.356000	-0.186764
452.542000	-0.210099
452.727000	-0.065717
452.913000	-0.165827
453.098000	0.001209
453.284000	0.161573
453.469000	0.001210
453.655000	0.120866
453.841000	0.032991
454.026000	-0.153759
454.212000	-0.104352
454.397000	-0.090328
454.583000	-0.252684
454.768000	-0.333290
454.954000	-0.127015
455.140000	-0.101852
455.325000	-0.260703
455.511000	-0.332654
455.696000	-0.295708
455.882000	-0.188704
456.067000	-0.010748
456.253000	-0.167092
456.439000	-0.273452
456.624000	-0.286618
456.810000	-0.279355
456.995000	-0.234353
457.181000	-0.318866
457.366000	-0.121043
457.552000	-0.107734
457.738000	-0.054287
457.923000	-0.060793
458.109000	0.135136
458.294000	0.067554
458.480000	0.020473
458.665000	-0.045848
458.851000	-0.207926
459.037000	-0.407893
459.222000	-0.241532
459.408000	-0.222461
459.593000	-0.163377
459.779000	-0.036692
459.964000	0.103319
460.150000	0.249101
460.336000	0.149773
460.521000	-0.036530
460.707000	-0.163846
460.892000	-0.277133
461.078000	-0.074068
461.263000	0.010504
461.449000	-0.157498
461.635000	-0.161500
461.820000	-0.125799
462.006000	-0.023726
462.191000	-0.029833
462.377000	-0.219127
462.562000	0.053795
462.748000	0.234923
462.934000	-0.181376
463.119000	-0.336549
463.305000	-0.118450
463.490000	-0.175847
463.676000	-0.141627
463.861000	-0.136102
464.047000	-0.169360
464.233000	-0.097257
464.418000	-0.135647
464.604000	-0.234412
464.789000	-0.043397
464.975000	-0.022083
465.160000	-0.160499
465.346000	-0.133151
465.532000	-0.223321
465.717000	-0.247182
465.903000	-0.018038
466.088000	-0.078404
466.274000	-0.243224
466.459000	-0.271576
466.645000	0.051298
466.831000	0.055964
467.016000	0.063840
467.202000	-0.036915
467.387000	-0.129587
467.573000	-0.280087
467.758000	-0.032550
467.944000	-0.147251
468.130000	-0.237474
468.315000	-0.104330
468.501000	0.040731
468.686000	-0.048343
468.872000	-0.062205
469.057000	-0.000890
469.243000	-0.092968
469.429000	-0.108728
469.614000	-0.202230
469.800000	-0.276261
469.985000	-0.130764
470.171000	-0.031270
470.356000	-0.126824
470.542000	-0.059161
470.728000	-0.081595
470.913000	-0.125261
471.099000	-0.007732
471.284000	-0.111281
471.470000	-0.172643
471.655000	-0.146013
471.841000	-0.154407
472.027000	-0.186863
472.212000	0.018712
472.398000	0.048260
472.583000	-0.070746
472.769000	-0.070878
472.954000	-0.092421
473.140000	-0.236092
473.326000	-0.267797
473.511000	0.030457
473.697000	0.055004
473.882000	-0.098352
474.068000	-0.158709
474.253000	-0.241511
474.439000	-0.148442
474.625000	-0.095148
474.810000	-0.121746
474.996000	-0.112902
475.181000	-0.255417
475.367000	-0.082222
475.552000	0.124282
475.738000	-0.167488
475.924000	-0.171793
476.109000	-0.071576
476.295000	-0.195392
476.480000	-0.151341
476.666000	-0.166822
476.851000	-0.144162
477.037000	-0.101510
477.223000	-0.193478
477.408000	-0.264299
477.594000	-0.333769
477.779000	-0.173081
477.965000	-0.163299
478.151000	-0.311867
478.336000	-0.151595
478.522000	-0.192506
478.707000	-0.273057
478.893000	-0.180084
479.078000	-0.314767
479.264000	-0.307937
479.450000	-0.217193
479.635000	-0.087687
479.821000	-0.182696
480.006000	-0.138128
480.192000	-0.136024
480.377000	-0.136320
480.563000	-0.119398
480.749000	-0.284507
480.934000	-0.264459
481.120000	-0.153333
481.305000	-0.070619
481.491000	-0.081754
481.676000	-0.036472
481.862000	-0.047454
482.048000	-0.198939
482.233000	-0.153432
482.419000	-0.153779
482.604000	-0.241815
482.790000	-0.237871
482.975000	-0.186698
483.161000	-0.022565
483.347000	-0.051059
483.532000	-0.104206
483.718000	-0.328657
483.903000	-0.287596
484.089000	-0.225754
484.274000	-0.333716
484.460000	-0.225851
484.646000	-0.160744
484.831000	-0.273431
485.017000	-0.228277
485.202000	-0.202298
485.388000	0.022681
485.573000	0.026556
485.759000	-0.159051
485.945000	-0.022502
486.130000	-0.183510
486.316000	-0.171794
486.501000	-0.084152
486.687000	-0.247403
486.872000	-0.323022
487.058000	-0.138054
487.244000	-0.125394
487.429000	-0.320543
487.615000	-0.152430
487.800000	-0.051714
487.986000	-0.139164
488.171000	-0.058469
488.357000	-0.098157
488.543000	-0.112338
488.728000	-0.073591
488.914000	-0.135733
489.099000	-0.225826
489.285000	-0.221789
489.470000	-0.050162
489.656000	-0.010543
489.842000	-0.041335
490.027000	0.038520
490.213000	-0.107671
490.398000	-0.388639
490.584000	-0.143129
490.769000	-0.125826
490.955000	-0.080509
491.141000	-0.043948
491.326000	-0.066693
491.512000	0.056362
491.697000	-0.055105
491.883000	-0.196039
492.068000	-0.237009
492.254000	-0.197367
492.440000	-0.126701
492.625000	-0.190009
492.811000	-0.212392
492.996000	-0.099372
493.182000	-0.099055
493.367000	-0.285890
493.553000	-0.347539
493.739000	-0.245815
493.924000	-0.154248
494.110000	-0.166030
494.295000	-0.251159
494.481000	-0.114852
494.666000	-0.103619
494.852000	0.038689
495.038000	-0.107939
495.223000	-0.248281
495.409000	-0.209216
495.594000	-0.201100
495.780000	-0.139626
495.965000	-0.228001
496.151000	-0.028970
496.337000	0.023510
496.522000	-0.209838
496.708000	-0.129132
496.893000	-0.006461
497.079000	-0.168961
497.264000	-0.185418
497.450000	-0.134198
497.636000	-0.048445
497.821000	-0.187969
498.007000	-0.002700
498.192000	0.041211
498.378000	-0.099722
498.563000	-0.177205
498.749000	-0.108262
498.935000	-0.109964
499.120000	-0.048289
499.306000	-0.177873
499.491000	-0.225712
499.677000	-0.128103
499.862000	-0.046531
500.048000	0.013171
500.234000	-0.114513
500.419000	-0.154860
500.605000	-0.000841
500.790000	-0.088565
500.976000	-0.212095
501.161000	-0.275584
501.347000	-0.110173
501.533000	-0.005517
501.718000	-0.101768
501.904000	-0.164763
502.089000	-0.083395
502.275000	-0.006456
502.460000	-0.117451
502.646000	-0.063416
502.832000	-0.012055
503.017000	-0.027997
503.203000	-0.223071
503.388000	-0.273422
503.574000	-0.069278
503.759000	-0.028960
503.945000	0.005727
504.131000	-0.101296
504.316000	-0.155652
504.502000	-0.109720
504.687000	-0.134482
504.873000	-0.236251
505.058000	-0.270116
505.244000	-0.273816
505.430000	-0.210205
505.615000	-0.123601
505.801000	-0.061392
505.986000	-0.223955
506.172000	-0.160980
506.358000	-0.117918
506.543000	-0.142388
506.729000	0.019922
506.914000	-0.039647
507.100000	0.059911
507.285000	-0.116886
507.471000	-0.215557
507.657000	0.027642
507.842000	-0.112787
508.028000	-0.272333
508.213000	-0.208305
508.399000	-0.164872
508.584000	-0.025677
508.770000	-0.136160
508.956000	-0.228764
509.141000	-0.145673
509.327000	-0.078190
509.512000	-0.119721
509.698000	-0.116093
509.883000	-0.056251
510.069000	-0.115773
510.255000	-0.104328
510.440000	-0.067048
510.626000	-0.140834
510.811000	-0.197682
510.997000	-0.103616
511.182000	0.136295
511.368000	0.036583
511.554000	-0.285249
511.739000	-0.211134
511.925000	-0.030648
512.110000	-0.051735
512.296000	0.084773
512.481000	0.078904
512.667000	-0.037426
512.853000	-0.218339
513.038000	-0.142520
513.224000	-0.160868
513.409000	-0.239879
513.595000	-0.126359
513.780000	-0.283560
513.966000	-0.206839
514.152000	-0.218416
514.337000	-0.270506
514.523000	-0.201189
514.708000	-0.140658
514.894000	-0.092709
515.079000	-0.207902
515.265000	-0.204752
515.451000	-0.168104
515.636000	-0.239461
515.822000	-0.139175
516.007000	-0.252372
516.193000	-0.130362
516.378000	-0.032816
516.564000	-0.112997
516.750000	-0.119804
516.935000	-0.014415
517.121000	0.005900
517.306000	0.070770
517.492000	0.016580
517.677000	-0.213940
517.863000	-0.237227
518.049000	-0.117149
518.234000	-0.203234
518.420000	-0.065825
518.605000	0.102823
518.791000	0.076619
518.976000	-0.042692
519.162000	-0.167832
519.348000	-0.098934
519.533000	-0.123997
519.719000	0.089380
519.904000	0.003012
520.090000	-0.031900
520.275000	0.127199
520.461000	0.075926
520.647000	-0.110708
520.832000	-0.303981
521.018000	-0.211817
521.203000	-0.159772
521.389000	-0.297140
521.574000	-0.206341
521.760000	-0.076570
521.946000	-0.059281
522.131000	-0.146042
522.317000	-0.158462
522.502000	-0.216735
522.688000	-0.116635
522.873000	-0.140114
523.059000	-0.166522
523.245000	-0.159552
523.430000	-0.255275
523.616000	-0.207457
523.801000	-0.291643
523.987000	-0.218856
524.172000	-0.092752
524.358000	-0.061503
524.544000	-0.124854
524.729000	-0.026190
524.915000	0.030351
525.100000	-0.122821
525.286000	-0.078061
525.471000	-0.063586
525.657000	-0.034228
525.843000	-0.246362
526.028000	-0.099145
526.214000	-0.149202
526.399000	-0.265872
526.585000	-0.313219
526.770000	-0.326974
526.956000	-0.199400
527.142000	-0.262561
527.327000	-0.101725
527.513000	-0.186974
527.698000	-0.203038
527.884000	-0.179909
528.069000	-0.235128
528.255000	-0.120153
528.441000	-0.180992
528.626000	-0.148612
528.812000	0.069908
528.997000	-0.089835
529.183000	-0.219647
529.368000	-0.127343
529.554000	-0.126674
529.740000	-0.126022
529.925000	-0.174490
530.111000	-0.189838
530.296000	-0.113221
530.482000	-0.012070
530.667000	-0.107457
530.853000	-0.056903
531.039000	-0.116198
531.224000	-0.068616
531.410000	0.004204
531.595000	-0.097396
531.781000	-0.038903
531.967000	-0.156789
532.152000	-0.035100
532.338000	-0.138917
532.523000	-0.265993
532.709000	-0.285755
532.894000	-0.184416
533.080000	-0.124791
533.266000	-0.259327
533.451000	-0.289809
533.637000	-0.236811
533.822000	-0.022193
534.008000	-0.177072
534.193000	-0.188377
534.379000	-0.092871
534.565000	-0.180159
534.750000	-0.213136
534.936000	0.036865
535.121000	-0.113698
535.307000	-0.085666
535.492000	-0.073841
535.678000	-0.261357
535.864000	-0.157106
536.049000	0.069773
536.235000	-0.102839
536.420000	-0.091077
536.606000	-0.179442
536.791000	-0.284839
536.977000	-0.261934
537.163000	-0.006661
537.348000	-0.011243
537.534000	0.017263
537.719000	-0.159193
537.905000	-0.308236
538.090000	-0.085363
538.276000	-0.023068
538.462000	-0.044076
538.647000	0.001284
538.833000	-0.137248
539.018000	-0.065937
539.204000	-0.101394
539.389000	-0.248269
539.575000	0.067918
539.761000	-0.005857
539.946000	-0.278518
540.132000	-0.155415
540.317000	-0.281615
540.503000	-0.157409
540.688000	-0.134013
540.874000	0.062501
541.060000	0.181084
541.245000	-0.025675
541.431000	-0.241567
541.616000	-0.201424
541.802000	-0.225110
541.987000	-0.110333
542.173000	-0.097050
542.359000	-0.225636
542.544000	-0.114460
542.730000	-0.244961
542.915000	-0.278143
543.101000	-0.115260
543.286000	-0.281397
543.472000	-0.389383
543.658000	-0.270703
543.843000	-0.249802
544.029000	-0.043146
544.214000	-0.146427
544.400000	-0.478304
544.585000	-0.320806
544.771000	-0.274392
544.957000	-0.127144
545.142000	-0.025604
545.328000	0.013029
545.513000	0.056996
545.699000	0.058540
545.884000	-0.082999
546.070000	-0.153209
546.261000	-0.144638
546.451000	-0.256289
546.642000	-0.421858
546.833000	-0.282118
547.023000	-0.334553
547.214000	-0.293737
547.405000	-0.127671
547.595000	0.124142
547.786000	0.054430
547.977000	-0.167188
548.167000	-0.342765
548.358000	-0.313574
548.549000	0.092583
548.740000	-0.090975
548.930000	-0.423403
549.121000	-0.294236
549.312000	-0.312903
549.502000	-0.388049
549.693000	-0.256644
549.884000	-0.194535
550.074000	-0.078549
550.265000	-0.262317
550.456000	-0.174349
550.646000	-0.091412
550.837000	-0.144752
551.028000	-0.255811
551.218000	-0.139435
551.409000	-0.266482
551.600000	-0.226820
551.790000	-0.077194
551.981000	-0.328506
552.172000	-0.326351
552.362000	0.048537
552.553000	0.089090
552.744000	-0.105420
552.934000	-0.169457
553.125000	-0.261672
553.316000	-0.278561
553.506000	0.114643
553.697000	-0.046112
553.888000	-0.083807
554.079000	0.098155
554.269000	0.094048
554.460000	-0.228900
554.651000	-0.302278
554.841000	-0.425129
555.032000	-0.352443
555.223000	-0.238539
555.413000	-0.077193
555.604000	-0.111409
555.795000	-0.199477
555.985000	-0.092070
556.176000	-0.162705
556.367000	-0.434494
556.557000	-0.333669
556.748000	-0.248925
556.939000	-0.303962
557.129000	-0.371858
557.320000	-0.190236
557.511000	-0.213989
557.701000	-0.195244
557.892000	-0.130638
558.083000	0.081081
558.273000	-0.072290
558.464000	-0.299547
558.655000	-0.253877
558.845000	-0.155501
559.036000	-0.097558
559.227000	-0.142973
559.418000	-0.045285
559.608000	0.021427
559.799000	-0.283310
559.990000	-0.350881
560.180000	-0.279350
560.371000	-0.436698
560.562000	-0.355573
560.752000	-0.158098
560.943000	-0.347581
561.134000	-0.524272
561.324000	-0.278644
561.515000	-0.009697
561.706000	-0.181358
561.896000	-0.362067
562.087000	-0.277520
562.278000	-0.330680
562.468000	-0.467116
562.659000	-0.352493
562.850000	0.014142
563.040000	0.056149
563.231000	-0.382423
563.422000	-0.240097
563.612000	-0.356418
563.803000	-0.263652
563.994000	-0.297112
564.185000	-0.385363
564.375000	-0.184505
564.566000	-0.198148
564.757000	-0.212604
564.947000	-0.299847
565.138000	-0.165956
565.329000	-0.237451
565.519000	-0.391957
565.710000	-0.299758
565.901000	-0.120180
566.091000	0.002902
566.282000	-0.174966
566.473000	-0.175799
566.663000	-0.153629
566.854000	-0.360874
567.045000	-0.231729
567.235000	-0.147140
567.426000	-0.148449
567.617000	-0.132973
567.807000	-0.205049
567.998000	-0.188359
568.189000	-0.264234
568.379000	-0.185131
568.570000	-0.117352
568.761000	-0.173703
568.951000	-0.225899
569.142000	-0.277397
569.333000	-0.289518
569.524000	-0.370306
569.714000	-0.453480
569.905000	-0.537107
570.096000	-0.132476
570.286000	-0.029296
570.477000	0.070839
570.668000	-0.123818
570.858000	-0.181120
571.049000	-0.282745
571.240000	-0.361283
571.430000	-0.140529
571.621000	-0.179699
571.812000	-0.089418
572.002000	-0.118600
572.193000	-0.300164
572.384000	-0.190764
572.574000	-0.117133
572.765000	-0.177418
572.956000	-0.239794
573.146000	-0.062895
573.337000	-0.197743
573.528000	-0.200015
573.718000	-0.052058
573.909000	0.000130
574.100000	-0.098534
574.290000	-0.267744
574.481000	-0.234865
574.672000	-0.200233
574.863000	-0.086134
575.053000	-0.229898
575.244000	-0.158842
575.435000	-0.271397
575.625000	-0.245972
575.816000	-0.276233
576.007000	-0.226566
576.197000	-0.215443
576.388000	-0.205710
576.579000	-0.060842
576.769000	-0.088683
576.960000	-0.340896
577.155000	-0.473964
577.350000	-0.227158
577.545000	-0.064151
577.740000	-0.244912
577.935000	0.061572
578.130000	-0.024974
578.326000	-0.291394
578.521000	-0.039893
578.716000	-0.032241
578.911000	-0.302032
579.106000	-0.170826
579.301000	-0.056686
579.496000	-0.228862
579.691000	-0.478367
579.886000	-0.311496
580.081000	-0.188521
580.276000	-0.156288
580.471000	-0.234453
580.666000	-0.347472
580.861000	-0.358322
581.057000	-0.334155
581.252000	-0.230510
581.447000	-0.307916
581.642000	-0.271846
581.837000	-0.254429
582.032000	-0.233059
582.227000	-0.032480
582.422000	-0.081831
582.617000	-0.273413
582.812000	-0.357671
583.007000	-0.318009
583.202000	-0.416508
583.397000	-0.156908
583.592000	0.051182
583.788000	-0.221238
583.983000	-0.198559
584.178000	-0.107328
584.373000	-0.268280
584.568000	-0.270068
584.763000	-0.331475
584.958000	-0.419635
585.153000	-0.296200
585.348000	-0.266657
585.543000	-0.156347
585.738000	-0.163331
585.933000	-0.372734
586.128000	-0.172721
586.324000	-0.164921
586.519000	-0.164801
586.714000	-0.069439
586.909000	-0.004606
587.104000	-0.012916
587.299000	-0.168846
587.494000	-0.209915
587.689000	-0.244615
587.884000	-0.199103
588.079000	-0.264343
588.274000	-0.239879
588.469000	-0.245328
588.664000	-0.142356
588.859000	-0.135428
589.055000	-0.154630
589.250000	-0.195196
589.445000	-0.295592
589.640000	-0.264803
589.835000	-0.050121
590.030000	0.070675
590.225000	0.061119
590.420000	-0.169957
590.615000	-0.266013
590.810000	-0.223805
591.005000	-0.217507
591.200000	-0.294579
591.395000	-0.348655
591.591000	-0.233998
591.786000	-0.133035
591.981000	-0.247728
592.176000	-0.193981
592.371000	-0.198880
592.566000	-0.226455
592.761000	-0.001085
592.956000	-0.062646
593.151000	-0.026448
593.346000	-0.127034
593.541000	-0.086981
593.736000	-0.107878
593.931000	-0.254820
594.126000	-0.185897
594.322000	-0.138475
594.517000	-0.240549
594.712000	-0.370771
594.907000	-0.367224
595.102000	-0.228396
595.297000	-0.103682
595.492000	-0.043935
595.687000	-0.225513
595.882000	-0.311510
596.077000	-0.187957
596.272000	-0.019542
596.467000	-0.033072
596.662000	-0.172166
596.857000	-0.162968
597.053000	-0.126114
597.248000	-0.082761
597.443000	-0.097736
597.638000	-0.174958
597.833000	-0.335459
598.028000	-0.153800
598.223000	-0.043407
598.418000	-0.133195
598.613000	-0.229104
598.808000	-0.143254
599.003000	-0.163378
599.198000	-0.333542
599.393000	-0.270976
599.589000	-0.142684
599.784000	-0.335835
599.979000	-0.238407
600.174000	-0.023744
600.369000	-0.266489
600.564000	-0.190020
600.759000	0.034166
600.954000	0.165002
601.149000	-0.004924
601.344000	-0.334764
601.539000	-0.165617
601.734000	-0.222261
601.929000	-0.457168
602.124000	-0.408106
602.320000	-0.158623
602.515000	0.108094
602.710000	0.040858
602.905000	-0.321853
603.100000	-0.378512
603.295000	-0.248095
603.490000	-0.170934
603.685000	-0.149258
603.880000	-0.143048
604.075000	-0.295919
604.270000	-0.302968
604.465000	-0.215471
604.660000	-0.405731
604.856000	-0.261689
605.051000	-0.092455
605.246000	-0.134779
605.441000	-0.384317
605.636000	-0.443589
605.831000	-0.248552
606.026000	-0.330879
606.221000	-0.371313
606.416000	-0.203909
606.611000	-0.033480
606.806000	-0.025701
607.001000	0.108754
607.196000	-0.161665
607.391000	-0.345945
607.587000	-0.153127
607.782000	-0.188443
607.977000	-0.360557
608.172000	-0.002473
608.367000	0.037873
608.562000	-0.181135
608.757000	-0.257992
608.952000	-0.283420
609.147000	0.092790
609.342000	-0.033853
609.537000	-0.274860
609.732000	-0.260868
609.927000	-0.336271
610.122000	-0.313245
610.318000	-0.057618
610.513000	0.002758
610.708000	-0.253584
610.903000	-0.205174
611.098000	-0.171321
611.293000	-0.254480
611.488000	-0.247917
611.683000	-0.247030
611.878000	-0.223308
612.073000	-0.158568
612.268000	-0.178600
612.463000	-0.084790
612.658000	-0.088772
612.854000	-0.115552
613.049000	-0.172808
613.244000	-0.054441
613.439000	-0.002530
613.634000	-0.292211
613.829000	-0.161437
614.024000	-0.259527
614.219000	-0.299637
614.414000	-0.001205
614.609000	-0.201037
614.804000	-0.349995
614.999000	-0.324211
615.194000	-0.251147
615.389000	-0.228572
615.585000	-0.379945
615.780000	-0.204902
615.975000	-0.267486
616.170000	-0.251448
616.365000	-0.001219
616.560000	0.157348
616.755000	0.040918
616.950000	-0.118183
617.145000	-0.047507
617.340000	-0.202882
617.535000	-0.474018
617.730000	-0.192240
617.925000	-0.319644
618.120000	-0.388096
618.316000	-0.009453
618.511000	-0.128762
618.706000	-0.360403
618.901000	-0.259813
619.096000	-0.117216
619.291000	-0.235745
619.486000	-0.176988
619.681000	-0.452720
619.876000	-0.500975
620.071000	-0.373949
620.266000	-0.134582
620.461000	-0.023514
620.656000	-0.086286
620.852000	-0.153003
621.047000	-0.290146
621.242000	-0.395337
621.437000	-0.065696
621.632000	0.047869
621.827000	-0.155819
622.022000	-0.421695
622.217000	-0.266333
622.412000	-0.067608
622.607000	-0.098756
622.802000	-0.309426
622.997000	-0.319015
623.192000	-0.215448
623.387000	-0.199889
623.583000	-0.409239
623.778000	-0.024089
623.973000	-0.056911
624.168000	-0.092788
624.363000	-0.045538
624.558000	-0.002717
624.753000	-0.283896
624.948000	-0.055908
625.143000	-0.067455
625.338000	-0.168418
625.533000	-0.252056
625.728000	-0.159995
625.923000	0.031904
626.119000	-0.073651
626.314000	-0.309806
626.509000	-0.358701
626.704000	-0.279532
626.899000	-0.236036
627.094000	-0.315201
627.289000	-0.336411
627.484000	-0.265333
627.679000	-0.306676
627.874000	-0.276203
628.069000	0.035478
628.264000	-0.060154
628.459000	-0.188552
628.654000	-0.202003
628.850000	-0.321170
629.045000	-0.257785
629.240000	-0.332235
629.435000	-0.328210
629.630000	-0.194857
629.825000	-0.230576
630.020000	-0.227001
630.215000	-0.407603
630.410000	-0.331243
630.605000	-0.346521
630.800000	-0.281946
630.995000	-0.120160
631.190000	0.135791
631.385000	-0.036042
631.581000	-0.184142
631.776000	-0.113216
631.971000	-0.295556
632.166000	-0.227491
632.361000	-0.346190
632.556000	-0.206727
632.751000	-0.054787
632.946000	-0.224255
633.141000	-0.315280
633.336000	-0.268231
633.531000	-0.178295
633.726000	-0.198050
633.921000	-0.361895
634.117000	-0.501661
634.312000	-0.590264
634.507000	-0.481047
634.702000	-0.342405
634.897000	-0.287012
635.092000	-0.205282
635.287000	-0.154234
635.482000	-0.254708
635.677000	-0.115586
635.872000	-0.045207
636.067000	0.017403
636.262000	-0.152519
636.457000	-0.448178
636.652000	-0.417449
636.848000	-0.440389
637.043000	-0.371119
637.238000	-0.359418
637.433000	-0.491266
637.628000	-0.413573
637.823000	-0.145892
638.018000	-0.036424
638.213000	-0.176788
638.408000	-0.304600
638.603000	-0.402509
638.798000	-0.470303
638.993000	-0.342943
639.188000	-0.346270
639.383000	-0.369036
639.579000	0.030627
639.774000	-0.179934
639.969000	-0.358571
640.164000	-0.430333
640.359000	-0.435640
640.554000	-0.203475
640.749000	-0.178106
640.944000	-0.087541
641.139000	-0.121400
641.334000	-0.337575
641.529000	-0.697808
641.724000	-0.495045
641.919000	-0.308362
642.115000	-0.065290
642.310000	-0.076634
642.505000	-0.200747
642.700000	-0.189656
642.895000	-0.323184
643.090000	-0.227913
643.285000	-0.016246
643.480000	-0.049180
643.675000	-0.072268
643.870000	0.236026
644.065000	0.058006
644.260000	-0.303831
644.455000	-0.248120
644.650000	-0.346637
644.846000	-0.193982
645.041000	-0.406211
645.236000	-0.611713
645.431000	-0.529337
645.626000	-0.683780
645.821000	-0.493880
646.016000	-0.390220
646.211000	0.010196
646.406000	-0.095286
646.601000	-0.106903
646.796000	-0.230653
646.991000	-0.493330
647.186000	-0.365326
647.381000	-0.155854
647.577000	-0.159362
647.772000	-0.058610
647.967000	-0.141174
648.162000	-0.174966
648.357000	-0.183633
648.552000	0.011968
648.747000	-0.004891
648.942000	-0.001519
649.137000	-0.121712
649.332000	-0.310018
649.527000	-0.279390
649.722000	-0.040480
649.917000	0.042637
650.113000	-0.278080
650.308000	-0.412700
650.503000	-0.347949
650.698000	-0.171837
650.893000	-0.235017
651.088000	-0.146492
651.283000	-0.095539
651.478000	-0.406597
651.673000	-0.197886
651.868000	-0.362519
652.063000	-0.094110
652.258000	0.048206
652.453000	0.205486
652.648000	-0.135180
652.844000	-0.212433
653.039000	-0.138942
653.234000	-0.499764
653.429000	-0.640062
653.624000	-0.405697
653.819000	-0.173907
654.014000	-0.244621
654.209000	-0.386995
654.404000	-0.208750
654.599000	-0.335647
654.794000	-0.333340
654.989000	-0.020625
655.184000	-0.116084
655.380000	-0.457548
655.575000	-0.436792
655.770000	-0.394095
655.965000	-0.255209
656.160000	-0.300538
656.355000	-0.138856
656.550000	-0.174146
656.745000	-0.141121
656.940000	-0.230273
657.135000	-0.184836
657.330000	-0.186658
657.525000	-0.378999
657.720000	-0.201122
657.915000	-0.069777
658.111000	-0.181768
658.306000	0.061455
658.501000	-0.171802
658.696000	-0.401529
658.891000	-0.084064
659.086000	-0.199811
659.281000	-0.179052
659.476000	-0.390462
659.671000	-0.805659
659.866000	-0.527896
660.061000	-0.170682
660.256000	-0.098509
660.451000	-0.170912
660.646000	-0.340684
660.842000	-0.217307
661.037000	-0.403116
661.232000	-0.419636
661.427000	-0.219297
661.622000	-0.342053
661.817000	-0.499735
662.012000	-0.271732
662.207000	-0.437310
662.402000	-0.504377
662.597000	-0.283494
662.792000	-0.616554
662.987000	-0.585772
663.182000	-0.256828
663.378000	-0.267751
663.573000	-0.655174
663.768000	-0.666323
663.963000	-0.475648
664.158000	-0.446619
664.353000	0.041453
664.548000	0.238765
664.743000	-0.093207
664.938000	-0.400265
665.133000	-0.424274
665.328000	-0.016031
665.523000	-0.044938
665.718000	-0.283195
665.913000	-0.330619
666.109000	-0.266138
666.304000	-0.097619
666.499000	-0.249594
666.694000	-0.074238
666.889000	0.214341
667.084000	-0.112720
667.279000	-0.247327
667.474000	-0.211047
667.669000	-0.134535
667.864000	-0.224004
668.059000	-0.196964
668.254000	-0.180764
668.449000	-0.351141
668.644000	-0.311170
668.840000	-0.030912
669.035000	-0.322195
669.230000	-0.600816
669.425000	-0.229711
669.620000	-0.391529
669.815000	-0.392946
670.010000	-0.366767
670.205000	-0.202822
670.400000	-0.193249
670.595000	-0.182750
670.790000	-0.295865
670.985000	-0.255425
671.180000	-0.014649
671.376000	-0.378431
671.571000	-0.505754
671.766000	-0.454723
671.961000	-0.490333
672.156000	-0.492811
672.351000	-0.371515
672.546000	-0.387272
672.741000	-0.235143
672.936000	-0.218620
673.131000	0.279595
673.326000	-0.048703
673.521000	-0.466564
673.716000	-0.560655
673.911000	-0.657106
674.107000	-0.090383
674.302000	0.139917
674.497000	-0.130247
674.692000	-0.448148
674.887000	-0.487639
675.082000	-0.341997
675.277000	-0.083573
675.472000	-0.198054
675.667000	-0.345360
675.862000	-0.379918
676.057000	-0.278870
676.252000	-0.269882
676.447000	-0.403031
676.643000	-0.180151
676.838000	0.044402
677.033000	-0.213470
677.228000	0.088960
677.423000	0.017571
677.618000	-0.421877
677.813000	-0.566753
678.008000	-0.294867
678.203000	-0.186358
678.398000	-0.412524
678.593000	-0.243237
678.788000	-0.163921
678.983000	-0.415449
679.178000	-0.319992
679.374000	-0.394755
679.569000	-0.303514
679.764000	-0.406605
679.959000	-0.551385
680.154000	-0.521942
680.349000	-0.650289
680.544000	-0.576361
680.739000	-0.454180
680.934000	-0.515942
681.129000	-0.535234
681.324000	-0.591489
681.519000	-0.336414
681.714000	-0.374389
681.909000	-0.463487
682.105000	-0.606484
682.300000	-0.200141
682.495000	-0.067881
682.690000	-0.104160
682.885000	-0.198646
683.080000	-0.374426
683.275000	-0.368569
683.470000	-0.068396
683.665000	0.121523
683.860000	0.328335
684.055000	0.071136
684.250000	-0.354810
684.445000	-0.408932
684.641000	0.028644
684.836000	-0.170727
685.031000	-0.236695
685.226000	-0.224746
685.421000	0.047373
685.616000	-0.284849
685.811000	-0.406817
686.006000	-0.131346
686.201000	-0.201500
686.396000	-0.576239
686.591000	-0.556694
686.786000	-0.066146
686.981000	-0.215462
687.176000	-0.193119
687.372000	-0.268257
687.567000	0.004372
687.762000	-0.110444
687.957000	-0.158458
688.152000	-0.313616
688.347000	-0.259688
688.542000	-0.533482
688.737000	-0.865082
688.932000	-0.921250
689.127000	-0.463268
689.322000	-0.120214
689.517000	-0.348315
689.712000	-0.527606
689.908000	-0.439020
690.103000	-0.448376
690.298000	-0.314490
690.493000	-0.325972
690.688000	-0.629484
690.883000	-0.438877
691.078000	0.010927
691.273000	0.002357
691.468000	-0.268165
691.663000	-0.228236
691.858000	-0.040740
692.053000	-0.079537
692.248000	-0.060200
692.443000	-0.120610
692.639000	-0.237613
692.834000	-0.110323
693.029000	0.399177
693.224000	0.403250
693.419000	-0.220020
693.614000	-0.401767
693.809000	-0.548544
694.004000	-0.599958
694.199000	-0.577903
694.394000	-0.289822
694.589000	-0.593676
694.784000	-0.640518
694.979000	-0.327866
695.174000	-0.299999
695.370000	0.183133
695.565000	-0.046171
695.760000	-0.358477
695.955000	-0.030852
696.150000	0.022424
696.345000	-0.441090
696.540000	-0.194027
696.740000	-0.292063
696.940000	-0.115887
697.140000	0.036135
697.340000	-0.249335
697.539000	-0.105501
697.739000	-0.269821
697.939000	-0.261000
698.139000	-0.554328
698.339000	-0.823412
698.539000	-0.632979
698.739000	-0.632412
698.939000	-0.473478
699.138000	-0.583759
699.338000	0.107078
699.538000	0.230718
699.738000	-0.274424
699.938000	-0.386899
700.138000	-0.495399
700.338000	-0.575070
700.538000	-0.352729
700.737000	-0.253448
700.937000	-0.684970
701.137000	-0.720566
701.337000	-0.106250
701.537000	-0.108804
701.737000	-0.342684
701.937000	-0.380615
702.137000	-0.297030
702.337000	-0.423146
702.536000	-0.596504
702.736000	-0.562215
702.936000	-0.728989
703.136000	-0.220117
703.336000	-0.184912
703.536000	-0.382837
703.736000	-0.746779
703.936000	-0.702903
704.135000	-0.669644
704.335000	-0.270823
704.535000	-0.536271
704.735000	-0.702433
704.935000	-0.169747
705.135000	-0.248861
705.335000	-0.468680
705.535000	-0.259385
705.735000	-0.216474
705.934000	-0.249686
706.134000	-0.495016
706.334000	-0.486644
706.534000	-0.527975
706.734000	-0.561883
706.934000	-0.667094
707.134000	-0.636165
707.334000	-0.373784
707.533000	-0.348052
707.733000	-0.400606
707.933000	-0.537959
708.133000	-0.278133
708.333000	-0.091424
708.533000	-0.376766
708.733000	-0.115743
708.933000	-0.306905
709.132000	-0.457739
709.332000	-0.426959
709.532000	-0.539803
709.732000	-0.366550
709.932000	-0.815451
710.132000	-0.780873
710.332000	-0.955638
710.532000	-0.381976
710.732000	-0.160875
710.931000	-0.463926
711.131000	-0.460834
711.331000	-0.267288
711.531000	-0.398048
711.731000	-0.423698
711.931000	-0.387368
712.131000	-0.421426
712.331000	-0.285892
712.530000	-0.366847
712.730000	-0.577780
712.930000	-0.431893
713.130000	-0.465621
713.330000	-0.515819
713.530000	-0.325970
713.730000	0.256859
713.930000	-0.154166
714.129000	-0.549592
714.329000	-0.676154
714.529000	-0.441199
714.729000	-0.112214
714.929000	-0.152206
715.129000	-0.452867
715.329000	-0.405678
715.529000	-0.377149
715.729000	0.299092
715.928000	0.015357
716.128000	-0.372581
716.328000	-0.272622
716.528000	-0.371584
716.728000	-0.194565
716.928000	-0.437499
717.128000	-0.329428
717.328000	-0.362337
717.527000	-0.454169
717.727000	-0.401248
717.927000	-0.377045
718.127000	-0.402769
718.327000	-0.850694
718.527000	-0.806848
718.727000	-0.360209
718.927000	-0.473551
719.127000	-0.768597
719.326000	-0.496575
719.526000	-0.140856
719.726000	-0.259422
719.926000	-0.724914
720.126000	-0.740518
720.326000	-0.482336
720.526000	-0.572767
720.726000	-0.491650
720.925000	-0.279530
721.125000	-0.681003
721.325000	-0.350347
721.525000	-0.319955
721.725000	-0.564736
721.925000	-0.537605
722.125000	-0.548094
722.325000	-0.080678
722.524000	-0.324477
722.724000	-0.736554
722.924000	-0.823033
723.124000	-0.611413
723.324000	-0.215226
723.524000	-0.186488
723.724000	-0.715825
723.924000	-0.520233
724.124000	-0.396190
724.323000	-0.132058
724.523000	-0.232421
724.723000	0.114208
724.923000	-0.126965
725.123000	-0.161593
725.323000	-0.013025
725.523000	-0.250077
725.723000	-0.499896
725.922000	-0.529757
726.122000	-0.375700
726.322000	-0.561193
726.522000	-0.609915
726.722000	0.232832
726.922000	-0.074530
727.122000	-0.310685
727.322000	0.013689
727.521000	-0.153098
727.721000	-0.420089
727.921000	-0.347351
728.121000	-0.390369
728.321000	-0.763552
728.521000	-0.500326
728.721000	-0.390045
728.921000	-0.043082
729.121000	0.681495
729.320000	0.054613
729.520000	-0.423626
729.720000	-0.590352
729.920000	-0.516591
730.120000	-0.365251
730.320000	-0.308722
730.520000	-0.617972
730.720000	-0.586988
730.919000	-0.496336
731.119000	-0.175644
731.319000	-0.677016
731.519000	-0.789790
731.719000	-0.355111
731.919000	-0.526197
732.119000	-1.004718
732.319000	-0.963558
732.519000	-0.426475
732.718000	-0.715609
732.918000	-0.627356
733.118000	-0.470229
733.318000	-0.181206
733.518000	-0.513504
733.718000	-1.031513
733.918000	-0.936989
734.118000	-0.687743
734.317000	-0.415338
734.517000	-0.588632
734.717000	-0.529475
734.917000	-0.056202
735.117000	-0.124116
735.317000	-0.285196
735.517000	0.136326
735.717000	0.438044
735.916000	-0.480186
736.116000	-0.667245
736.316000	-0.411277
736.516000	-0.319719
736.716000	-0.397064
736.916000	-0.898113
737.116000	-0.619829
737.316000	0.092570
737.516000	-0.054612
737.715000	-0.178974
737.915000	-0.772050
738.115000	-0.765795
738.315000	-0.493387
738.515000	-0.777827
738.715000	-0.516632
738.915000	-0.069893
739.115000	-0.547473
739.314000	-0.523566
739.514000	0.012042
739.714000	0.109241
739.914000	-0.108970
740.114000	-0.366577
740.314000	-0.269141
740.514000	0.198978
740.714000	-0.511477
740.913000	-0.923430
741.113000	-0.760732
741.313000	-0.348881
741.513000	-0.391762
741.713000	-0.344801
741.913000	-0.280099
742.113000	-0.385040
742.313000	-0.922870
742.513000	-0.579483
742.712000	-0.460180
742.912000	-0.757270
743.112000	-0.586519
743.312000	-0.889007
743.512000	-0.564401
743.712000	-0.416161
743.912000	-0.971996
744.112000	-1.126077
744.311000	-1.178360
744.511000	-0.733452
744.711000	-0.290218
744.911000	-0.658955
745.111000	-0.675268
745.311000	-0.223246
745.511000	-0.633972
745.711000	-0.768393
745.911000	-0.398562
746.110000	-0.813405
746.310000	-0.918561
746.510000	-0.713171
746.710000	-0.304622
746.910000	-0.122398
747.110000	-0.683568
747.310000	-0.994154
747.510000	-0.728570
747.709000	-0.440541
747.909000	-0.486188
748.109000	-0.197493
748.309000	-0.476039
748.509000	-0.845022
748.709000	-0.915645
748.909000	-0.568367
749.109000	-0.580529
749.308000	-0.070742
749.508000	-0.362789
749.708000	-0.567231
749.908000	-0.262431
750.108000	-0.198140
750.308000	-0.907313
750.508000	-0.110963
750.708000	-0.644717
750.908000	-1.105508
751.107000	-0.404529
751.307000	0.204162
751.507000	-0.369444
751.707000	-0.329407
751.907000	-0.432685
752.107000	-0.341284
752.307000	-0.831620
752.507000	-0.556866
752.706000	-0.583162
752.906000	0.297714
753.106000	-0.576369
753.306000	-1.180154
753.506000	-0.131186
753.706000	-0.486255
753.906000	-0.297071
754.106000	-0.155331
754.305000	-0.324958
754.505000	-0.227285
754.705000	-0.341253
754.905000	-0.437547
755.105000	-0.174387
755.305000	-0.963727
755.505000	-0.849517
755.705000	-0.333824
755.905000	-0.448855
756.104000	-1.009501
756.304000	-1.317367
756.504000	-1.514673
756.704000	-0.506116
756.904000	-0.244012
757.104000	-0.567862
757.304000	-0.516065
757.504000	-0.027734
757.703000	-0.434885
757.903000	-0.027796
758.103000	0.144904
758.303000	-0.353202
758.503000	-0.616455
758.703000	-0.731595
758.903000	-0.845674
759.103000	-0.477297
759.303000	-0.411536
759.502000	-0.534997
759.702000	-0.078656
759.902000	-0.486984
760.102000	-0.578615
760.302000	-0.576933
760.502000	-0.253035
760.702000	-0.188145
760.902000	-0.511867
761.101000	-0.914100
761.301000	-1.138332
761.501000	-0.810122
761.701000	-0.914179
761.901000	-0.646824
762.101000	-0.239163
762.301000	-0.393942
762.501000	-0.862664
762.700000	-0.992612
762.900000	-0.907718
763.100000	-0.578499
763.300000	-0.308874
763.500000	-0.525494
763.703000	-0.683573
763.905000	-1.029445
764.108000	-0.280463
764.311000	-0.535161
764.513000	-0.644543
764.716000	-0.413741
764.919000	-0.402986
765.121000	-0.893400
765.324000	-1.070082
765.527000	-0.995934
765.729000	-0.786760
765.932000	0.034660
766.135000	-0.064350
766.337000	-0.403444
766.540000	-0.641745
766.743000	-0.357721
766.945000	-0.960359
767.148000	-1.328442
767.351000	-1.131848
767.553000	-0.320454
767.756000	-0.661325
767.958000	-1.048183
768.161000	-0.743156
768.364000	-0.982993
768.566000	-1.207181
768.769000	-0.734386
768.972000	-0.386486
769.174000	-0.693403
769.377000	-1.257517
769.580000	-1.335045
769.782000	-0.582123
769.985000	-1.030162
770.188000	-1.950840
770.390000	-1.009877
770.593000	0.568465
770.796000	0.175318
770.998000	-0.476936
771.201000	-0.887581
771.404000	-0.517988
771.606000	-0.804286
771.809000	-0.651943
772.012000	-0.613102
772.214000	-1.404140
772.417000	-1.444426
772.620000	-0.323681
772.822000	-0.705198
773.025000	-1.015847
773.228000	-1.078348
773.430000	-1.011346
773.633000	-0.664562
773.836000	-0.474639
774.038000	-0.403073
774.241000	-0.627059
774.444000	-0.780204
774.646000	0.094333
774.849000	-0.351580
775.052000	-0.396534
775.254000	-0.364519
775.457000	-0.773846
775.659000	-0.693572
775.862000	-0.894998
776.065000	-0.587911
776.267000	-0.053164
776.470000	0.277769
776.673000	-0.492542
776.875000	-0.003739
777.078000	-0.115730
777.281000	-0.990566
777.483000	-0.291976
777.686000	-0.200455
777.889000	-0.338920
778.091000	-0.050025
778.294000	-1.145583
778.497000	-1.071398
778.699000	-0.925024
778.902000	-0.936626
779.105000	-0.624319
779.307000	0.279421
779.510000	-0.808786
779.713000	-0.509957
779.915000	-0.690864
780.118000	0.312240
780.321000	0.423816
780.523000	-0.509676
780.726000	-1.028782
780.929000	-1.131295
781.131000	-1.008535
781.334000	-1.400127
781.537000	-1.455902
781.739000	-0.471038
781.942000	-0.995217
782.145000	-1.422439
782.347000	-1.336256
782.550000	-1.062633
782.753000	-1.258456
782.955000	-1.082172
783.158000	-0.985164
783.361000	-0.640686
783.563000	-0.658359
783.766000	-0.831798
783.968000	0.882469
784.171000	0.753607
784.374000	-0.562265
784.576000	-0.588675
784.779000	-0.233949
784.982000	-0.012899
785.184000	-0.732977
785.387000	-0.219019
785.590000	0.372000
785.792000	0.216138
785.995000	0.013951
786.198000	-0.233951
786.400000	-0.547283
786.603000	-0.498752
786.806000	-0.687230
787.008000	-0.515258
787.211000	-0.371834
787.414000	-1.111119
787.616000	-0.845521
787.819000	-0.833762
788.022000	-1.376486
788.224000	-0.790952
788.427000	-1.445145
788.630000	-0.803417
788.832000	-0.557952
789.035000	-1.142234
789.238000	-1.688915
789.440000	-1.321678
789.643000	-0.185367
789.846000	-0.744978
790.048000	-0.326455
790.251000	-0.200405
790.454000	-0.568308
790.656000	0.150205
790.859000	-0.571726
791.062000	-0.990888
791.264000	-0.281201
791.467000	-1.168692
791.669000	-1.722786
791.872000	-0.753955
792.075000	-1.198585
792.277000	-0.999694
792.480000	-0.685812
792.683000	-1.140215
792.885000	-1.312588
793.088000	-1.092980
793.291000	-1.315910
793.493000	-1.351878
793.696000	-0.551229
793.899000	-0.326646
794.101000	-0.655290
794.304000	-0.796921
794.507000	-0.536748
794.709000	-0.193649
794.912000	-0.730445
795.115000	-1.161489
795.317000	-0.922005
795.520000	-0.690728
795.723000	-0.924848
795.925000	-1.345183
796.128000	-1.599446
796.331000	-1.165127
796.533000	-1.356030
796.736000	-0.706051
796.939000	-0.558113
797.141000	-0.864632
797.344000	-0.179699
797.547000	-0.209823
797.749000	-0.325467
797.952000	-0.901719
798.155000	-1.372508
798.357000	-1.583158
798.560000	-1.378392
798.763000	-0.695856
798.965000	-0.745979
799.168000	-0.692133
799.371000	-0.570567
799.573000	-0.930584
799.776000	-1.480200
799.978000	-1.562460
800.181000	-0.689747
800.384000	0.800187
800.586000	0.072915
800.789000	-1.415806
800.992000	-1.409682
801.194000	-1.593989
801.397000	-1.525445
801.600000	-1.447334
801.802000	-0.187250
802.005000	-0.418075
802.208000	-1.694396
802.410000	-0.665328
802.613000	-0.447090
802.816000	-0.785033
803.018000	-1.490195
803.221000	-1.244059
803.424000	0.159745
803.626000	-0.259922
803.829000	-0.868635
804.032000	0.176966
804.234000	0.909144
804.437000	-0.638232
804.640000	-0.820049
804.842000	-0.730540
805.045000	-1.263600
805.248000	-0.984519
805.450000	-0.891637
805.653000	-0.886407
805.856000	-0.977842
806.058000	0.109588
806.261000	-1.065133
806.464000	-1.197490
806.666000	-0.596680
806.869000	-0.892760
807.072000	-2.232486
807.274000	-2.487747
807.477000	-1.244227
807.679000	-0.785695
807.882000	-1.420164
808.085000	-1.128036
808.287000	-0.441258
808.490000	-1.422692
808.693000	-1.283513
808.895000	-0.931298
809.098000	-0.825038
809.301000	-0.844704
809.503000	-1.012494
809.706000	-0.067716
809.909000	0.182633
810.111000	-0.045010
810.314000	-0.599030
810.517000	-1.097972
810.719000	-1.235811
810.922000	-1.045605
811.125000	-0.079729
811.327000	-0.057110
811.530000	-0.642283
811.735000	-0.855277
811.940000	-1.048450
812.146000	-1.093603
812.351000	-0.499988
812.556000	-0.711807
812.761000	-1.334994
812.967000	-0.305332
813.172000	-0.222734
813.377000	-0.553549
813.582000	0.101234
813.788000	-0.339179
813.993000	-1.408612
814.198000	-0.666011
814.403000	-1.444900
814.609000	-0.699760
814.814000	-0.594682
815.019000	0.174657
815.224000	-0.125377
815.429000	-1.032020
815.635000	-0.484010
815.840000	-0.296543
816.045000	-0.401457
816.250000	-0.121425
816.456000	-1.307393
816.661000	-2.246701
816.866000	-1.759344
817.071000	-1.721337
817.277000	-2.314249
817.482000	-1.394421
817.687000	-0.798695
817.892000	-0.871761
818.097000	-0.311907
818.303000	-0.111885
818.508000	0.487216
818.713000	3.512394
818.918000	1.547915
819.124000	0.050872
819.329000	-1.103113
819.534000	-1.100075
819.739000	-1.226695
819.945000	-1.264263
820.150000	-0.951828
820.355000	-0.767939
820.560000	-0.452880
820.766000	-0.479656
820.971000	-0.572595
821.176000	-2.046075
821.381000	-2.716152
821.586000	-1.644382
821.792000	-0.194324
821.997000	-0.832016
822.202000	-0.989113
822.407000	-1.606060
822.613000	-1.838510
822.818000	-1.009916
823.023000	-0.505245
823.228000	-0.839138
823.434000	-0.290062
823.639000	0.179443
823.844000	-0.882319
824.049000	-0.132213
824.255000	0.000667
824.460000	-0.776123
824.665000	-1.125905
824.870000	-0.059884
825.075000	-0.410286
825.281000	-0.235831
825.486000	0.775585
825.691000	-1.633165
825.896000	-2.748187
826.102000	-0.975329
826.307000	-0.861392
826.512000	-1.077505
826.717000	-0.915500
826.923000	-1.028648
827.128000	-0.781658
827.333000	-1.622896
827.538000	-0.754686
827.744000	-0.034355
827.949000	-1.139976
828.154000	-0.779224
828.359000	0.063908
828.564000	-0.726276
828.770000	-0.842676
828.975000	0.142777
829.180000	-0.477622
829.385000	-1.876219
829.591000	-1.439778
829.796000	-0.950003
830.001000	-1.045628
830.206000	-1.642527
830.412000	-1.488987
830.617000	-1.282361
830.822000	-0.159547
831.027000	-1.024205
831.232000	-1.578902
831.438000	-1.604784
831.643000	-0.941874
831.848000	-1.040151
832.053000	-1.066353
832.259000	-1.134449
832.464000	-2.633151
832.669000	-2.157294
832.874000	-1.795942
833.080000	-1.781418
833.285000	0.015751
833.490000	-0.276956
833.695000	-1.736896
833.901000	-1.479399
834.106000	-1.762934
834.311000	-1.275465
834.516000	-0.649808
834.721000	-1.153779
834.927000	-0.084244
835.132000	-0.680693
835.337000	0.884901
835.542000	-0.248871
835.748000	-1.899120
835.953000	-0.069539
836.158000	-0.108873
836.363000	-0.565422
836.569000	-0.625279
836.774000	-1.507595
836.979000	-1.843267
837.184000	-2.317844
837.390000	-2.058656
837.595000	-1.223775
837.800000	-1.066142
838.005000	-0.830534
838.210000	-0.927792
838.416000	-1.547447
838.621000	-1.299646
838.826000	-1.371958
839.031000	-1.272862
839.237000	-1.817041
839.442000	-2.347228
839.647000	-2.582290
839.852000	-1.891161
840.058000	-1.790201
840.263000	-1.540686
840.468000	-2.284578
840.673000	-1.433948
840.878000	-1.385203
841.084000	-1.889023
841.289000	-0.950677
841.494000	1.594943
841.699000	1.396046
841.905000	0.597930
842.110000	0.601160
842.315000	-1.563251
842.520000	-1.244022
842.726000	-1.642867
842.931000	-2.148871
843.136000	-1.021146
843.341000	-2.485956
843.547000	-1.792946
843.752000	-1.393980
843.957000	-2.055798
844.162000	-1.977245
844.367000	-1.459395
844.573000	-0.763503
844.778000	-0.557596
844.983000	-0.692262
845.188000	-0.445713
845.394000	-2.162171
845.599000	-1.869162
845.804000	-1.650004
846.009000	-1.043717
846.215000	-2.161901
846.420000	-1.691913
846.625000	-0.761041
846.830000	-0.026527
847.036000	-1.221555
847.241000	-1.789797
847.446000	-0.275959
847.651000	-0.972238
847.856000	-2.187476
848.062000	-1.790628
848.267000	-0.139802
848.472000	-1.590235
848.677000	-2.774868
848.883000	-0.969491
849.088000	0.533909
849.293000	-1.021389
849.498000	-1.602175
849.704000	-0.630608
849.909000	-1.246257
850.114000	-2.196130
850.319000	-1.076001
850.524000	-1.294628
850.730000	-1.428378
850.935000	-1.356014
851.140000	-0.312246
851.345000	-0.253480
851.551000	-0.322957
851.756000	-0.235872
851.961000	-1.582273
852.166000	-1.929614
852.372000	-1.259635
852.577000	-1.268839
852.782000	-1.439656
852.987000	-0.099454
853.193000	-0.694657
853.398000	-0.775545
853.603000	-2.141809
853.808000	-2.466547
854.013000	-1.322028
854.219000	-0.080547
854.424000	1.505616
854.629000	1.273007
854.834000	-1.165850
855.040000	-0.965468
855.245000	-0.278625
855.450000	-2.972838
855.655000	-3.920796
855.861000	-3.528057
856.066000	-2.346227
856.271000	-2.276204
856.476000	-0.422109
856.682000	-1.400764
856.887000	-4.115833
857.092000	-2.433841
857.297000	0.118499
857.502000	-0.384007
857.708000	-1.167127
857.913000	-0.009662
858.118000	-0.714025
858.323000	-1.150796
858.529000	-0.932016
858.734000	-1.413251
858.939000	-1.144627
859.144000	-1.761618
859.350000	-3.032075
859.555000	-2.854823
859.760000	-0.661548
859.965000	-0.032019
860.171000	-1.939419
860.376000	-0.711528
860.581000	-2.644947
860.786000	-5.010516
860.991000	-4.063954
861.197000	-2.969862
861.402000	-1.556341
861.607000	-2.178462
861.812000	-3.174575
862.018000	-3.061514
862.223000	-1.801129
862.428000	-0.939721
862.633000	-0.021811
862.839000	-0.657263
863.044000	-1.641171
863.249000	-2.705406
863.454000	-1.219746
863.659000	-1.771610
863.865000	-2.530561
864.070000	-2.372675
864.275000	-2.988756
864.480000	-2.564897
864.686000	-4.046121
864.891000	-3.396156
865.096000	-1.084742
865.301000	-0.596588
865.507000	-0.624150
865.712000	-0.371579
865.917000	-1.523706
866.122000	-0.775453
866.328000	-3.733275
866.533000	-3.328211
866.738000	0.086700
866.943000	-0.231280
867.148000	0.271958
867.354000	-2.342811
867.559000	-3.720552
867.764000	-1.918611
867.969000	-0.775597
868.175000	-2.146608
868.380000	-2.718048
868.585000	-3.625020
868.790000	-1.471885
868.996000	-1.697074
869.201000	-3.302652
869.406000	-4.210251
869.611000	-3.206568
869.817000	-2.411509
870.022000	1.923441
870.227000	-0.319862
870.432000	-2.451438
870.637000	-1.316942
870.843000	-2.065534
871.048000	-2.183579
871.253000	-0.467158
871.458000	-1.306573
871.664000	-3.262848
871.869000	-3.335085
872.074000	-2.747549
872.279000	-1.737462
872.485000	-2.403237
872.690000	-2.333157
872.895000	-2.935573
873.100000	-3.397636
873.306000	-2.883812
873.511000	-1.785444
873.716000	-0.217348
873.921000	-2.043733
874.126000	-2.210854
874.332000	-1.487965
874.537000	-1.010280
874.742000	-1.228039
874.947000	-1.552311
875.153000	0.673518
875.358000	-0.826678
875.563000	-1.695292
875.768000	-3.955384
875.974000	-4.141306
876.179000	-1.061074
876.384000	-0.895406
876.589000	-2.598516
876.794000	-2.241956
877.000000	-3.337641
877.205000	-4.353990
877.410000	-1.674190
877.615000	-3.387421
877.821000	-5.337877
878.026000	-3.579257
878.231000	-4.218753
878.436000	-4.269566
878.642000	-3.315680
878.847000	-1.660795
879.052000	-0.365765
879.257000	-2.547052
879.463000	-3.648545
879.668000	-2.684921
879.873000	-0.698861
880.078000	-3.464028
880.283000	-4.737160
880.489000	-5.021971
880.694000	-4.275701
880.899000	-2.168393
881.104000	-0.882154
881.310000	0.854708
881.515000	-0.576759
881.720000	0.840525
881.925000	2.287276
882.131000	3.207911
882.336000	0.202520
882.541000	-3.504195
882.746000	-3.223978
882.952000	-3.470467
883.157000	-3.400625
883.362000	-3.295933
883.567000	-3.924687
883.772000	-4.199844
883.978000	-3.678688
884.183000	-2.138136
884.388000	-2.212793
884.593000	-4.381153
884.799000	0.145678
885.004000	-0.079550
885.209000	-1.914890
885.414000	-0.985726
885.620000	-3.992619
885.825000	-1.147773
886.030000	-1.555231
886.235000	-2.982817
886.440000	-2.292734
886.646000	-4.752502
886.851000	-4.793170
887.056000	-0.586980
887.261000	-1.126086
887.467000	-4.426343
887.672000	-1.784984
887.877000	-3.042596
888.082000	-5.480132
888.288000	-5.597110
888.493000	-7.570661
888.698000	-5.470089
888.903000	-1.977344
889.109000	-3.168633
889.314000	-0.899647
889.519000	-2.346768
889.724000	0.399472
889.929000	-1.452592
890.135000	-2.411297
890.340000	-2.569208
890.545000	-3.826709
890.750000	-4.781245
890.956000	-3.654562
891.161000	-1.121641
891.366000	-3.377954
891.571000	-2.574259
891.777000	-2.311754
891.982000	-0.779081
892.187000	-1.370572
892.392000	0.019558
892.598000	-0.016094
892.803000	-0.683715
893.008000	-3.404373
893.213000	-3.521203
893.418000	-3.437414
893.624000	-3.909460
893.829000	-6.149736
894.034000	-3.171704
894.239000	-1.537752
894.445000	-3.911362
894.650000	-4.151615
894.855000	-3.862376
895.060000	-4.462150
895.266000	-4.287297
895.471000	-5.510736
895.676000	-2.281417
895.881000	-1.926596
896.087000	-3.237830
896.292000	-3.824345
896.497000	0.229186
896.702000	-1.884619
896.907000	-4.135933
897.113000	0.570815
897.318000	0.494709
897.523000	-0.131130
897.728000	-2.363702
897.934000	-3.040661
898.139000	-2.686745
898.344000	-0.190552
898.549000	-1.488574
898.755000	-3.370996
898.960000	-3.918430
899.165000	-5.695888
899.370000	-2.388698
899.575000	1.023534
899.781000	-3.563974
899.986000	-4.253742
900.191000	-2.357576
900.396000	-2.856594
900.602000	-2.134838
900.807000	-2.813607
901.012000	-2.568779
901.217000	-0.647340
901.423000	-3.274141
901.628000	-4.624304
901.833000	-0.018353
902.038000	-0.306203
902.244000	-4.035288
902.449000	-3.213844
902.654000	-3.268549
902.859000	-2.055466
903.064000	-0.081443
903.270000	-0.228442
903.475000	-4.339536
903.680000	-6.639902
903.885000	-6.101480
904.091000	-5.538481
904.296000	-6.391695
904.501000	-5.090424
904.706000	-4.334022
904.912000	-0.410091
905.117000	-2.459960
905.322000	-5.423337
905.527000	-4.895317
905.733000	-3.826501
905.938000	-3.410145
906.143000	-3.807599
906.348000	-6.174196
906.553000	-1.749440
906.759000	-0.424182
906.964000	-1.599141
907.169000	-3.490749
907.374000	-6.334487
907.580000	-4.320561
907.785000	-3.631269
907.990000	21.103467
908.195000	13.565135
908.401000	-1.190716
908.606000	-8.935931
908.811000	-10.383952
909.016000	-3.001469
909.221000	-1.928058
909.427000	-2.909737
909.632000	-5.084802
909.837000	-4.927838
910.042000	-6.075735
910.248000	-7.608743
910.453000	-3.650979
910.658000	-4.709565
910.863000	-4.949818
911.069000	-6.394976
911.274000	-2.104350
911.479000	-0.072322
911.684000	-7.098758
911.890000	-4.264045
912.095000	-4.168789
912.300000	-7.336648
912.506000	-5.947864
912.711000	-5.534891
912.917000	-3.050885
913.123000	-2.514285
913.328000	-2.917433
913.534000	-3.257129
913.740000	6.252702
913.946000	2.800212
914.151000	-5.107474
914.357000	-6.784025
914.563000	-2.638898
914.768000	-6.200455
914.974000	-7.718924
915.180000	-6.816021
915.385000	-5.124998
915.591000	-7.977271
915.797000	-3.586208
916.002000	0.225100
916.208000	-3.621363
916.414000	-6.709749
916.620000	-7.649048
916.825000	-4.214672
917.031000	-3.711398
917.237000	-9.573522
917.442000	-5.450928
917.648000	-6.616047
917.854000	-8.049626
918.059000	-1.676593
918.265000	-0.430915
918.471000	-3.717656
918.676000	-7.370782
918.882000	-9.430272
919.088000	-7.077506
919.294000	-11.072728
919.499000	-7.241469
919.705000	-2.021967
919.911000	-3.321443
920.116000	-1.920017
920.322000	-7.446012
920.528000	-5.760006
920.733000	-8.309069
920.939000	-8.688490
921.145000	-7.667002
921.350000	-6.845779
921.556000	-5.175764
921.762000	-5.864321
921.968000	-7.000343
922.173000	-7.852097
922.379000	-9.839398
922.585000	-5.198004
922.790000	-6.550802
922.996000	-8.054951
923.202000	-8.787371
923.407000	-8.707840
923.613000	-6.833513
923.819000	-4.696513
924.024000	-4.701133
924.230000	-2.701862
924.436000	-5.203106
924.642000	5.171355
924.847000	1.326269
925.053000	-6.394899
925.259000	-11.104462
925.464000	-4.868226
925.670000	-5.809824
925.876000	-8.814860
926.081000	-8.897731
926.287000	-4.099863
926.493000	-3.010214
926.698000	-4.651973
926.904000	-2.129170
927.110000	-4.942097
927.316000	-5.255096
927.521000	0.630841
927.727000	-4.751899
927.933000	-5.863155
928.138000	-5.284445
928.344000	-11.650684
928.550000	-7.381894
928.755000	-2.008916
928.961000	-7.413221
929.167000	-7.264082
929.372000	-0.113159
929.578000	-2.358839
929.784000	-7.215584
929.990000	-9.839057
930.195000	-7.267966
930.401000	-6.235223
930.607000	-4.273092
930.812000	-4.233366
931.018000	-8.014972
931.224000	-13.470904
931.429000	-10.241376
931.635000	-13.294545
931.841000	-13.004964
932.046000	-7.362206
932.252000	-2.619821
932.458000	4.104045
932.664000	-1.550402
932.869000	-7.950338
933.075000	-10.572531
933.281000	-9.884232
933.486000	-2.589768
933.692000	-5.746535
933.898000	-10.789682
934.103000	-3.937520
934.309000	-6.703495
934.515000	-3.333963
934.720000	-1.646757
934.926000	0.575727
935.132000	-0.423810
935.338000	-4.471742
935.543000	-12.347984
935.749000	-12.808787
935.955000	-15.046174
936.160000	-13.467556
936.366000	-4.178715
936.572000	-4.723667
936.777000	-2.827168
936.983000	-1.466850
937.189000	-5.134493
937.394000	-12.024253
937.600000	-3.879221
937.806000	1.472776
938.012000	-6.784586
938.217000	2.841942
938.423000	-0.722555
938.629000	-9.237718
938.834000	-15.453788
939.040000	-15.673000
939.246000	-9.537900
939.451000	-13.151139
939.657000	-8.225030
939.863000	-12.574587
940.068000	-4.328517
940.274000	-9.207198
940.480000	-7.241408
940.686000	-4.496759
940.891000	-7.559729
941.097000	16.083944
941.303000	3.486662
941.508000	-7.949756
941.714000	-4.409266
941.920000	-15.488790
942.125000	-6.053684
942.331000	-3.921464
942.537000	0.856967
942.742000	-1.116785
942.948000	-11.427218
943.154000	-14.119733
943.360000	-25.570276
943.565000	-10.441626
943.771000	2.116359
943.977000	4.670132
944.182000	-15.578675
944.388000	-17.272594
944.594000	-3.220548
944.799000	5.486770
945.005000	-2.653119
945.211000	3.016701
945.416000	-0.618206
945.622000	-13.433098
945.828000	-11.184807
946.034000	-2.282120
946.239000	-2.438739
946.445000	-7.571641
946.651000	-19.449948
946.856000	-17.591310
947.062000	-1.978875
947.268000	0.292841
947.473000	-16.845834
947.679000	-18.680039
947.885000	-4.045794
948.090000	-0.648099
948.296000	12.077853
948.502000	-1.379426
948.708000	-11.698651
948.913000	-14.817491
949.119000	-1.333011
949.325000	-6.251986
949.530000	-20.945576
949.736000	-26.149415
949.942000	-18.053055
950.147000	-18.035332
950.353000	-16.699434
950.559000	-11.236366
950.764000	11.580139
950.970000	4.367463
951.176000	-10.866652
951.382000	-15.492297
951.587000	-4.682974
951.793000	0.952230
951.999000	0.318069
952.204000	-13.465992
952.410000	-27.476142
952.616000	-14.397606
952.821000	-8.676020
953.027000	-15.991931
953.233000	-17.149059
953.438000	-16.715174
953.644000	0.565163
953.850000	-5.010211
954.056000	-10.134500
954.261000	-11.250439
954.467000	-3.726458
954.673000	4.220965
954.878000	-5.357341
955.084000	-7.073264
955.290000	-21.566863
955.495000	-23.760925
955.701000	-18.547650
955.907000	-0.491122
956.112000	-3.821155
956.318000	3.721169
956.524000	1.343703
956.730000	-11.859682
956.935000	-11.980589
957.141000	-15.192788
957.347000	-5.390199
957.552000	-9.664820
957.758000	-22.178394
957.964000	-33.307028
958.169000	0.791279
958.375000	0.619284
958.581000	-11.560921
958.786000	-24.209645
958.992000	-28.788459
959.198000	-8.682820
959.404000	-3.116147
959.609000	-11.481125
959.815000	-18.107285
960.021000	-0.081830
960.226000	-5.219259
960.432000	-30.603805
960.638000	-21.052917
960.843000	-11.891784
961.049000	-12.898289
961.255000	-2.624512
961.460000	-15.623583
961.666000	-35.228031
961.872000	-21.704328
962.078000	-17.060067
962.283000	-26.771884
962.489000	-28.283640
962.695000	-20.308956
962.900000	-15.474585
963.106000	-13.181033
963.312000	-18.637379
963.517000	-20.673963
963.723000	-25.389287
963.929000	-3.124513
964.134000	7.780856
964.340000	-14.480595
964.546000	-19.117535
964.752000	-23.588372
964.957000	-27.863110
965.163000	-4.408941
965.369000	-7.025370
965.574000	-4.943793
965.780000	-9.044236
966.000000	-17.898226
966.220000	-12.904333
966.440000	-12.099774
966.661000	-1.855030
966.881000	-21.679176
967.101000	-40.673683
967.321000	-41.126261
967.541000	-15.494295
967.761000	-22.218468
967.981000	-14.309773
968.202000	-13.724005
968.422000	-3.233283
968.642000	-2.068019
968.862000	-3.054811
969.082000	-12.701013
969.302000	-6.489786
969.522000	-9.754872
969.743000	2.125272
969.963000	-17.389062
970.183000	-29.855669
970.403000	-28.948086
970.623000	-25.177660
970.843000	-2.219224
971.063000	-3.764183
971.284000	-27.091979
971.504000	-39.217209
971.724000	-15.941259
971.944000	-29.120643
972.164000	-39.981980
972.384000	-28.730887
972.604000	-40.961663
972.825000	-51.379658
973.045000	-36.664911
973.265000	20.990353
973.485000	10.900398
973.705000	-7.376100
973.925000	-17.489786
974.145000	-52.016610
974.365000	-17.486051
974.586000	-14.869390
974.806000	-33.810090
975.026000	-1.853530
975.246000	-14.171985
975.466000	-30.488388
975.686000	-14.000269
975.906000	-26.038517
976.127000	-48.890431
976.347000	-41.473414
976.567000	-12.235263
976.787000	-12.422881
977.007000	-24.531974
977.227000	-31.975130
977.447000	-34.306487
977.668000	-51.745539
977.888000	-34.599090
978.108000	-36.931915
978.328000	-23.217911
978.548000	4.624551
978.768000	10.862254
978.988000	-2.858075
979.209000	-21.195129
979.429000	-26.735259
979.649000	-8.756077
979.869000	-31.049506
980.089000	-49.648113
980.309000	-54.305909
980.529000	-61.678194
980.750000	-33.402723
980.970000	-42.320690
981.190000	-32.187566
981.410000	-31.114206
981.630000	-38.975286
981.850000	-31.004165
982.070000	-23.223130
982.291000	-50.554982
982.511000	-49.002534
982.731000	-11.024711
982.951000	-28.807135
983.171000	-33.942296
983.391000	-28.886404
983.611000	2.575170
983.832000	-27.095078
984.052000	-59.843715
984.272000	-33.885981
984.492000	-22.815081
984.712000	-37.701799
984.932000	-58.767489
985.152000	-66.158761
985.373000	-49.176610
985.593000	-26.311012
985.813000	-30.375459
986.033000	-43.421831
986.253000	-3.560490
986.473000	3.641190
986.693000	-28.699776
986.914000	-39.445837
987.134000	5.300426
987.354000	-33.357880
987.574000	171.199250
987.794000	99.826843
988.014000	-50.726282
988.234000	-33.352031
988.455000	-13.112621
988.675000	-12.430916
988.895000	-25.754814
989.115000	-47.472037
989.335000	-28.143786
989.555000	-12.387328
989.775000	-54.524112
989.995000	-46.293196
990.216000	-32.105807
990.436000	-19.953519
990.656000	10.455789
990.876000	-34.886609
991.096000	-19.965115
991.316000	5.453541
991.536000	-24.237963
991.757000	-38.233928
991.977000	-82.437410
992.197000	-22.002633
992.417000	-40.337130
992.637000	-83.459105
992.857000	-83.838768
993.077000	-80.506447
993.298000	-43.783736
993.518000	-53.807126
993.738000	-103.761879
993.958000	-51.718699
994.178000	-55.404388
994.398000	-47.849242
994.618000	-81.082493
994.839000	-126.199490
995.059000	-34.599168
995.279000	33.083607
995.499000	-16.257819
995.719000	-19.337942
995.939000	-35.110197
996.159000	-45.717248
996.380000	-37.726145
996.600000	-84.332813
996.820000	-42.224879
997.040000	9.508301
997.260000	-56.918188
997.480000	-43.193705
997.700000	-102.828656
997.921000	-68.894252
998.141000	15.476973
998.361000	-16.298792
998.581000	-57.434265
998.801000	-91.583914
999.021000	-65.275245
999.241000	-42.938090
999.462000	-69.988719
999.682000	-112.792163
999.902000	-69.350525
1000.122000	-98.102040
1000.342000	-145.496115
1000.562000	-72.925748
1000.782000	-69.970401
1001.003000	-1022.250771
