Wavelength	Irradiance
(nm)	(mW/cm2/nm)

294.396000	0.000000
294.577000	0.000000
294.757000	0.000000
294.938000	0.000000
295.118000	0.000000
295.299000	0.000000
295.479000	-0.000000
295.660000	-0.000000
295.840000	-0.000000
296.021000	-0.000000
296.202000	-0.000000
296.382000	-0.000000
296.563000	-0.000000
296.743000	-0.000000
296.924000	0.000000
297.104000	-0.000000
297.285000	-0.000000
297.465000	-0.000000
297.646000	-0.000000
297.826000	-0.000000
298.007000	0.000000
298.187000	-0.000000
298.368000	-0.000000
298.548000	0.000000
298.729000	0.000000
298.909000	-0.000000
299.090000	-0.000000
299.270000	-0.000000
299.451000	-0.000000
299.631000	-0.000000
299.812000	-0.000000
299.992000	0.000000
300.173000	0.000000
300.353000	0.000000
300.534000	0.000000
300.714000	0.000000
300.895000	0.000000
301.075000	-0.000000
301.256000	0.000000
301.436000	0.000000
301.617000	-0.000000
301.797000	-0.000000
301.978000	0.000000
302.159000	0.000000
302.339000	0.000000
302.520000	-0.000000
302.700000	-0.000000
302.881000	0.000000
303.061000	0.000000
303.242000	0.000000
303.422000	0.000000
303.603000	-0.000000
303.783000	-0.000000
303.964000	-0.000000
304.144000	0.000000
304.325000	-0.000000
304.505000	0.000000
304.686000	0.000000
304.866000	0.000000
305.047000	-0.000000
305.227000	-0.000000
305.408000	-0.000000
305.588000	-0.000000
305.769000	-0.000000
305.949000	0.000000
306.130000	-0.000000
306.310000	-0.000000
306.491000	-0.000000
306.671000	0.000000
306.852000	-0.000000
307.032000	-0.000000
307.213000	0.000000
307.393000	-0.000000
307.574000	0.000000
307.755000	0.000000
307.935000	0.000000
308.116000	-0.000000
308.296000	-0.000000
308.477000	0.000000
308.657000	0.000000
308.838000	0.000000
309.018000	0.000000
309.199000	0.000000
309.379000	0.000000
309.560000	0.000000
309.740000	-0.000000
309.921000	-0.000000
310.101000	-0.000000
310.282000	0.000000
310.462000	-0.000000
310.643000	-0.000000
310.823000	-0.000000
311.004000	0.000000
311.184000	-0.000000
311.365000	0.000000
311.545000	0.000000
311.726000	0.000000
311.906000	-0.000000
312.087000	0.000000
312.267000	-0.000000
312.448000	-0.000000
312.628000	-0.000000
312.809000	0.000000
312.989000	-0.000000
313.170000	-0.000000
313.344000	-0.000000
313.518000	-0.000000
313.691000	-0.000000
313.865000	-0.000000
314.039000	-0.000000
314.213000	0.000000
314.387000	-0.000000
314.560000	-0.000000
314.734000	-0.000000
314.908000	-0.000000
315.082000	-0.000000
315.255000	0.000000
315.429000	0.000000
315.603000	0.000000
315.777000	-0.000000
315.951000	0.000000
316.124000	-0.000000
316.298000	-0.000000
316.472000	-0.000000
316.646000	-0.000000
316.820000	-0.000000
316.993000	0.000000
317.167000	0.000000
317.341000	0.000000
317.515000	0.000000
317.688000	0.000000
317.862000	-0.000000
318.036000	-0.000000
318.210000	-0.000000
318.384000	0.000000
318.557000	-0.000000
318.731000	-0.000000
318.905000	0.000000
319.079000	0.000000
319.253000	-0.000000
319.426000	0.000000
319.600000	0.000000
319.774000	-0.000000
319.948000	-0.000000
320.122000	0.000000
320.295000	-0.000000
320.469000	-0.000000
320.643000	-0.000000
320.817000	-0.000000
320.990000	-0.000000
321.164000	-0.000000
321.338000	-0.000000
321.512000	-0.000000
321.686000	-0.000000
321.859000	0.000000
322.033000	0.000000
322.207000	-0.000000
322.381000	0.000000
322.555000	0.000000
322.728000	0.000000
322.902000	-0.000000
323.076000	-0.000000
323.250000	-0.000000
323.423000	-0.000000
323.597000	-0.000000
323.771000	-0.000000
323.945000	-0.000000
324.119000	-0.000000
324.292000	0.000000
324.466000	-0.000000
324.640000	0.000000
324.814000	0.000000
324.988000	-0.000000
325.161000	-0.000000
325.335000	-0.000000
325.509000	-0.000000
325.683000	0.000000
325.856000	0.000000
326.030000	-0.000000
326.204000	-0.000000
326.378000	0.000000
326.552000	-0.000000
326.725000	-0.000000
326.899000	-0.000000
327.073000	-0.000000
327.247000	0.000000
327.421000	0.000000
327.594000	0.000000
327.768000	-0.000000
327.942000	0.000000
328.116000	0.000000
328.289000	0.000000
328.463000	0.000000
328.637000	0.000000
328.811000	-0.000000
328.985000	0.000000
329.158000	-0.000000
329.332000	-0.000000
329.506000	0.000000
329.680000	-0.000000
329.854000	0.000000
330.027000	0.000000
330.201000	0.000000
330.375000	0.000000
330.549000	0.000000
330.723000	-0.000000
330.896000	-0.000000
331.070000	-0.000000
331.244000	0.000000
331.418000	-0.000000
331.591000	0.000000
331.765000	-0.000000
331.939000	-0.000000
332.113000	-0.000000
332.287000	0.000000
332.460000	0.000000
332.634000	0.000000
332.808000	-0.000000
332.982000	-0.000000
333.156000	-0.000000
333.329000	0.000000
333.503000	-0.000000
333.677000	-0.000000
333.851000	-0.000000
334.024000	-0.000000
334.198000	-0.000000
334.372000	-0.000000
334.546000	-0.000000
334.720000	-0.000000
334.893000	-0.000000
335.067000	-0.000000
335.241000	0.000000
335.415000	0.000000
335.589000	-0.000000
335.762000	-0.000000
335.936000	-0.000000
336.110000	-0.000000
336.284000	-0.000000
336.458000	0.000000
336.631000	-0.000000
336.805000	-0.000000
336.979000	-0.000000
337.153000	-0.000000
337.326000	-0.000000
337.500000	0.000000
337.674000	-0.000000
337.848000	-0.000000
338.022000	-0.000000
338.195000	-0.000000
338.369000	-0.000000
338.543000	-0.000000
338.717000	0.000000
338.891000	0.000000
339.064000	0.000000
339.238000	-0.000000
339.412000	-0.000000
339.586000	0.000000
339.759000	-0.000000
339.933000	-0.000000
340.107000	0.000000
340.281000	0.000000
340.455000	-0.000000
340.628000	-0.000000
340.802000	-0.000000
340.976000	0.000000
341.150000	-0.000000
341.324000	-0.000000
341.497000	-0.000000
341.671000	-0.000000
341.845000	-0.000000
342.019000	-0.000000
342.192000	-0.000000
342.366000	-0.000000
342.540000	-0.000000
342.714000	-0.000000
342.888000	0.000000
343.061000	0.000000
343.235000	0.000000
343.409000	-0.000000
343.583000	-0.000000
343.757000	-0.000000
343.930000	-0.000000
344.104000	-0.000000
344.278000	0.000000
344.452000	0.000000
344.626000	-0.000000
344.799000	-0.000000
344.973000	-0.000000
345.147000	-0.000000
345.321000	-0.000000
345.494000	0.000000
345.668000	0.000000
345.842000	0.000000
346.016000	-0.000000
346.190000	0.000000
346.363000	0.000000
346.537000	-0.000000
346.711000	-0.000000
346.885000	-0.000000
347.059000	-0.000000
347.232000	0.000000
347.406000	0.000000
347.580000	-0.000000
347.754000	-0.000000
347.927000	-0.000000
348.101000	0.000000
348.275000	-0.000000
348.449000	-0.000000
348.623000	-0.000000
348.796000	0.000000
348.970000	0.000000
349.144000	0.000000
349.318000	0.000000
349.492000	-0.000000
349.665000	-0.000000
349.839000	-0.000000
350.013000	-0.000000
350.187000	-0.000000
350.361000	-0.000000
350.534000	-0.000000
350.708000	0.000000
350.882000	0.000000
351.056000	0.000000
351.229000	-0.000000
351.403000	-0.000000
351.577000	-0.000000
351.751000	-0.000000
351.925000	-0.000000
352.098000	-0.000000
352.272000	0.000000
352.446000	-0.000000
352.620000	-0.000000
352.794000	0.000000
352.967000	-0.000000
353.141000	0.000000
353.315000	-0.000000
353.489000	-0.000000
353.662000	-0.000000
353.836000	-0.000000
354.010000	-0.000000
354.184000	0.000000
354.358000	-0.000000
354.531000	-0.000000
354.705000	-0.000000
354.879000	-0.000000
355.053000	-0.000000
355.227000	0.000000
355.400000	-0.000000
355.574000	0.000000
355.748000	0.000000
355.922000	-0.000000
356.095000	-0.000000
356.269000	-0.000000
356.443000	-0.000000
356.617000	-0.000000
356.791000	-0.000000
356.964000	-0.000000
357.138000	0.000000
357.312000	0.000000
357.486000	-0.000000
357.660000	-0.000000
357.833000	-0.000000
358.007000	-0.000000
358.181000	0.000000
358.355000	-0.000000
358.529000	-0.000000
358.702000	-0.000000
358.876000	-0.000000
359.050000	-0.000000
359.224000	-0.000000
359.397000	0.000000
359.571000	-0.000000
359.745000	-0.000000
359.919000	-0.000000
360.093000	0.141982
360.266000	0.062773
360.440000	0.315767
360.614000	0.561388
360.788000	0.232330
360.962000	-0.146673
361.135000	-0.080368
361.309000	-0.169888
361.483000	-0.275494
361.657000	-0.137708
361.830000	-0.251901
362.004000	-0.222716
362.178000	-0.403968
362.352000	-0.233465
362.526000	0.044779
362.699000	0.056535
362.873000	-0.552853
363.047000	-0.324994
363.221000	-0.195423
363.395000	-0.073844
363.568000	-0.074238
363.742000	-0.219084
363.916000	-0.101015
364.090000	-0.188765
364.263000	-0.222052
364.437000	-0.314479
364.611000	-0.102626
364.785000	0.048353
364.959000	0.096957
365.132000	-0.113391
365.306000	-0.204816
365.480000	-0.228134
365.656000	-0.302796
365.831000	-0.444194
366.007000	-0.213979
366.183000	-0.106346
366.358000	-0.213389
366.534000	-0.002588
366.710000	-0.144360
366.886000	-0.120173
367.061000	0.205396
367.237000	0.087757
367.413000	-0.222331
367.588000	-0.346089
367.764000	0.010481
367.940000	-0.106855
368.115000	-0.251423
368.291000	-0.369823
368.467000	-0.262200
368.643000	-0.028815
368.818000	-0.254155
368.994000	-0.191253
369.170000	-0.042724
369.345000	-0.172899
369.521000	-0.274000
369.697000	0.133427
369.872000	-0.083348
370.048000	-0.110735
370.224000	-0.096579
370.399000	-0.412468
370.575000	-0.208686
370.751000	-0.671987
370.927000	-0.544637
371.102000	-0.249370
371.278000	-0.193592
371.454000	-0.311185
371.629000	-0.192302
371.805000	-0.205645
371.981000	0.147850
372.156000	0.309944
372.332000	0.037258
372.508000	-0.111023
372.683000	-0.325706
372.859000	-0.612675
373.035000	-0.194544
373.211000	0.519641
373.386000	0.134404
373.562000	-0.221357
373.738000	-0.432950
373.913000	-0.532901
374.089000	-0.220830
374.265000	0.106759
374.440000	0.052472
374.616000	0.011023
374.792000	-0.109916
374.968000	0.426876
375.143000	0.375665
375.319000	-0.057512
375.495000	-0.394413
375.670000	-0.191206
375.846000	-0.152097
376.022000	-0.455573
376.197000	-0.179640
376.373000	-0.404157
376.549000	-0.189382
376.724000	-0.199359
376.900000	-0.095846
377.076000	-0.162954
377.252000	0.206880
377.427000	0.471715
377.603000	-0.016006
377.779000	-0.029355
377.954000	0.023653
378.130000	-0.041950
378.306000	-0.135013
378.481000	-0.147640
378.657000	-0.133773
378.833000	-0.068084
379.009000	-0.148703
379.184000	-0.015860
379.360000	-0.002620
379.536000	-0.134740
379.711000	-0.217556
379.887000	-0.386373
380.063000	-0.369181
380.238000	-0.411329
380.414000	0.010487
380.590000	-0.240887
380.765000	-0.213752
380.941000	-0.002609
381.117000	-0.028521
381.293000	-0.131924
381.468000	-0.092086
381.644000	-0.067498
381.820000	-0.002598
381.995000	-0.002624
382.171000	-0.055360
382.347000	0.010532
382.522000	-0.500084
382.698000	0.023446
382.874000	0.296532
383.050000	-0.159723
383.225000	0.115025
383.401000	0.495707
383.577000	0.103015
383.752000	-0.378208
383.928000	-0.338589
384.104000	-0.029143
384.279000	-0.108713
384.455000	0.190670
384.631000	-0.079992
384.806000	-0.439309
384.982000	-0.067169
385.158000	-0.145920
385.334000	-0.002566
385.509000	0.203548
385.685000	-0.211986
385.861000	-0.329789
386.036000	-0.351058
386.212000	-0.515197
386.388000	-0.181728
386.563000	-0.206930
386.739000	-0.209118
386.915000	-0.422720
387.090000	-0.288408
387.266000	-0.119105
387.442000	0.113819
387.618000	0.087256
387.793000	-0.106125
387.969000	-0.429457
388.145000	-0.337937
388.320000	-0.192918
388.496000	-0.409525
388.672000	-0.704872
388.847000	-0.155794
389.023000	-0.092536
389.199000	-0.364324
389.375000	-0.053487
389.550000	-0.040443
389.726000	0.048148
389.902000	-0.304826
390.077000	0.097718
390.253000	0.201362
390.429000	-0.130756
390.604000	-0.142582
390.780000	-0.116538
390.956000	-0.253900
391.131000	-0.140507
391.307000	0.160693
391.483000	-0.178201
391.659000	-0.153603
391.834000	0.160466
392.010000	-0.265411
392.186000	-0.378481
392.361000	-0.178346
392.537000	-0.450282
392.713000	0.034573
392.888000	0.430329
393.064000	0.220899
393.240000	-0.299566
393.416000	-0.408447
393.591000	-0.560095
393.767000	-0.524581
393.943000	-0.125203
394.118000	0.168452
394.294000	0.363518
394.470000	0.167907
394.645000	0.300789
394.821000	0.375727
394.997000	0.046067
395.172000	-0.050648
395.348000	-0.038665
395.524000	-0.357061
395.700000	-0.367362
395.875000	0.117310
396.051000	-0.145849
396.227000	-0.339639
396.402000	-0.293011
396.578000	-0.340570
396.754000	-0.398780
396.929000	-0.265462
397.105000	0.009552
397.281000	0.081166
397.457000	-0.216605
397.632000	-0.131891
397.808000	-0.429005
397.984000	-0.632308
398.159000	-0.621513
398.335000	-0.311259
398.511000	0.045061
398.686000	-0.132673
398.862000	-0.237668
399.038000	-0.413088
399.213000	-0.072417
399.389000	-0.378851
399.565000	-0.096206
399.741000	0.091411
399.916000	0.210620
400.092000	0.386212
400.268000	-0.037369
400.443000	-0.096900
400.619000	0.363287
400.795000	0.175209
400.970000	-0.189245
401.146000	-0.318988
401.322000	-0.025975
401.497000	0.268996
401.673000	0.045064
401.849000	-0.262395
402.025000	0.044724
402.200000	0.021128
402.376000	-0.084473
402.552000	0.150795
402.727000	0.068009
402.903000	-0.248063
403.079000	-0.224812
403.254000	0.114846
403.430000	-0.153658
403.606000	-0.188892
403.782000	-0.107138
403.957000	-0.200870
404.133000	-0.330184
404.309000	0.021069
404.484000	0.324240
404.660000	0.184795
404.841000	-0.131074
405.023000	0.044228
405.204000	-0.037355
405.385000	-0.178249
405.566000	-0.480976
405.748000	-0.320849
405.929000	-0.037935
406.110000	-0.014061
406.292000	-0.083526
406.473000	0.113969
406.654000	-0.365723
406.835000	-0.352791
407.017000	-0.281633
407.198000	-0.151904
407.379000	-0.059676
407.560000	0.009210
407.742000	-0.222746
407.923000	-0.083993
408.104000	-0.339022
408.286000	-0.326749
408.467000	-0.083219
408.648000	-0.373323
408.829000	-0.325797
409.011000	-0.222096
409.192000	-0.536503
409.373000	-0.269050
409.555000	0.102071
409.736000	0.078344
409.917000	-0.106389
410.098000	-0.174610
410.280000	-0.036494
410.461000	-0.059197
410.642000	-0.104927
410.823000	0.202937
411.005000	0.157533
411.186000	-0.265016
411.367000	-0.310976
411.549000	-0.173655
411.730000	0.066245
411.911000	-0.082096
412.092000	-0.218270
412.274000	-0.092517
412.455000	0.156022
412.636000	0.020369
412.818000	-0.430563
412.999000	-0.539601
413.180000	-0.452759
413.361000	-0.307485
413.543000	-0.204644
413.724000	-0.237767
413.905000	-0.192911
414.087000	-0.193315
414.268000	-0.291240
414.449000	-0.336332
414.630000	-0.371179
414.812000	-0.359269
414.993000	-0.223445
415.174000	0.008854
415.355000	-0.124715
415.537000	-0.401312
415.718000	-0.157582
415.899000	-0.190306
416.081000	-0.299711
416.262000	-0.035188
416.443000	-0.265440
416.624000	-0.341428
416.806000	-0.133764
416.987000	0.118982
417.168000	-0.024092
417.350000	-0.254000
417.531000	-0.241591
417.712000	-0.198045
417.893000	-0.154462
418.075000	-0.056352
418.256000	-0.273881
418.437000	-0.176775
418.618000	-0.056538
418.800000	0.225798
418.981000	0.008641
419.162000	-0.066540
419.344000	-0.056174
419.525000	-0.067338
419.706000	-0.230509
419.887000	0.095491
420.069000	0.095391
420.250000	-0.045515
420.431000	0.105944
420.613000	-0.143376
420.794000	-0.285119
420.975000	0.127085
421.156000	-0.250345
421.338000	-0.325614
421.519000	-0.250090
421.700000	-0.337325
421.882000	-0.434553
422.063000	-0.207039
422.244000	0.427005
422.425000	0.364017
422.607000	-0.208943
422.788000	-0.197142
422.969000	-0.152750
423.150000	-0.336010
423.332000	-0.431688
423.513000	-0.282246
423.694000	-0.392022
423.876000	-0.066938
424.057000	0.105822
424.238000	0.268801
424.419000	0.171750
424.601000	-0.045650
424.782000	0.019544
424.963000	-0.066761
425.145000	-0.023754
425.326000	0.094608
425.507000	0.008588
425.688000	-0.077685
425.870000	-0.262150
426.051000	-0.410976
426.232000	-0.335638
426.413000	-0.294329
426.595000	-0.378902
426.776000	-0.411005
426.957000	-0.272304
427.139000	-0.012912
427.320000	0.030261
427.501000	0.019529
427.682000	0.030231
427.864000	0.041004
428.045000	0.073590
428.226000	-0.078198
428.408000	-0.447038
428.589000	-0.196639
428.770000	-0.109954
428.951000	-0.142052
429.133000	-0.366947
429.314000	-0.098572
429.495000	0.029901
429.677000	-0.195043
429.858000	-0.420547
430.039000	-0.195483
430.220000	-0.002149
430.402000	0.072822
430.583000	-0.388577
430.764000	-0.173201
430.945000	0.051419
431.127000	-0.151029
431.308000	-0.287967
431.489000	0.264012
431.671000	0.222337
431.852000	-0.140155
432.033000	-0.129551
432.214000	0.188647
432.396000	0.209289
432.577000	-0.171615
432.758000	-0.257043
432.940000	-0.161276
433.121000	-0.171704
433.302000	-0.139444
433.483000	0.018977
433.665000	0.208864
433.846000	-0.023202
434.027000	-0.243148
434.208000	-0.169562
434.390000	-0.170188
434.571000	0.071467
434.752000	0.383908
434.934000	0.060176
435.115000	-0.012481
435.296000	0.091500
435.477000	0.080864
435.659000	-0.196957
435.840000	-0.094664
436.026000	-0.299565
436.211000	-0.217254
436.397000	-0.338939
436.582000	-0.144974
436.768000	-0.032643
436.953000	-0.450275
437.139000	-0.296819
437.325000	0.210504
437.510000	0.129523
437.696000	0.290653
437.881000	0.149128
438.067000	-0.122226
438.252000	-0.242629
438.438000	-0.312590
438.624000	-0.142275
438.809000	-0.001996
438.995000	-0.021927
439.180000	-0.210645
439.366000	-0.200500
439.551000	-0.051545
439.737000	-0.081117
439.923000	-0.130750
440.108000	-0.150362
440.294000	-0.140040
440.479000	0.096305
440.665000	0.290943
440.850000	0.328163
441.036000	0.319181
441.222000	0.066452
441.407000	-0.060382
441.593000	0.075637
441.778000	0.133511
441.964000	0.066069
442.149000	-0.301985
442.335000	-0.117490
442.521000	0.055794
442.706000	0.170537
442.892000	-0.087953
443.077000	-0.212945
443.263000	-0.087881
443.448000	-0.049448
443.634000	-0.011419
443.820000	0.253405
444.005000	0.045356
444.191000	-0.153396
444.376000	-0.133826
444.562000	0.176094
444.747000	0.280586
444.933000	0.026288
445.119000	-0.020606
445.304000	-0.160800
445.490000	-0.076691
445.675000	0.072916
445.861000	-0.142471
446.046000	-0.142160
446.232000	-0.048567
446.418000	-0.207112
446.603000	-0.225746
446.789000	-0.048455
446.974000	-0.085987
447.160000	-0.355749
447.345000	-0.344618
447.531000	-0.011107
447.717000	0.044700
447.902000	0.016832
448.088000	0.137589
448.273000	-0.075840
448.459000	-0.094072
448.644000	-0.047984
448.830000	-0.112999
449.016000	-0.233213
449.201000	-0.131228
449.387000	-0.075950
449.572000	0.035091
449.758000	-0.158728
449.943000	-0.158955
450.129000	-0.084684
450.315000	-0.130461
450.500000	-0.084598
450.686000	-0.001842
450.871000	-0.269257
451.057000	-0.167537
451.243000	-0.139760
451.428000	-0.278054
451.614000	-0.148802
451.799000	-0.093634
451.985000	-0.093593
452.170000	-0.047669
452.356000	-0.029314
452.542000	0.080709
452.727000	-0.093254
452.913000	-0.157512
453.098000	-0.056772
453.284000	0.208694
453.469000	0.144793
453.655000	0.190283
453.841000	-0.029228
454.026000	-0.210978
454.212000	0.007254
454.397000	0.034504
454.583000	-0.276607
454.768000	-0.366193
454.954000	-0.182899
455.140000	0.007231
455.325000	-0.209226
455.511000	-0.155869
455.696000	-0.174010
455.882000	-0.155535
456.067000	0.088661
456.253000	-0.092286
456.439000	-0.200828
456.624000	-0.200167
456.810000	-0.226592
456.995000	-0.217894
457.181000	-0.316100
457.366000	0.016082
457.552000	0.104993
457.738000	0.015998
457.923000	0.024930
458.109000	0.292920
458.294000	0.363999
458.480000	0.239392
458.665000	0.194150
458.851000	0.007112
459.037000	-0.337350
459.222000	-0.204898
459.408000	-0.231399
459.593000	-0.168756
459.779000	0.217279
459.964000	0.322981
460.150000	0.235632
460.336000	0.305658
460.521000	0.015701
460.707000	-0.219297
460.892000	-0.227557
461.078000	0.076610
461.263000	0.006933
461.449000	-0.149601
461.635000	-0.236324
461.820000	-0.071102
462.006000	0.153687
462.191000	0.067098
462.377000	-0.190411
462.562000	0.127346
462.748000	0.298675
462.934000	-0.104832
463.119000	-0.215539
463.305000	-0.027253
463.490000	-0.145777
463.676000	-0.052681
463.861000	-0.146787
464.047000	-0.052744
464.233000	0.091273
464.418000	-0.102993
464.604000	-0.279664
464.789000	-0.119703
464.975000	-0.001681
465.160000	0.040402
465.346000	0.065617
465.532000	-0.001685
465.717000	-0.203546
465.903000	-0.077258
466.088000	0.031871
466.274000	-0.110147
466.459000	-0.168753
466.645000	0.207469
466.831000	0.214480
467.016000	0.197529
467.202000	-0.076698
467.387000	-0.076482
467.573000	-0.059614
467.758000	0.105533
467.944000	-0.075817
468.130000	-0.200463
468.315000	-0.092826
468.501000	0.105709
468.686000	0.039545
468.872000	0.089006
469.057000	-0.092278
469.243000	-0.232668
469.429000	-0.183028
469.614000	-0.125016
469.800000	-0.240170
469.985000	-0.042637
470.171000	0.096391
470.356000	0.113148
470.542000	-0.034568
470.728000	-0.091864
470.913000	-0.001632
471.099000	0.169641
471.284000	-0.075567
471.470000	-0.190838
471.655000	-0.240229
471.841000	-0.198463
472.027000	-0.083202
472.212000	0.145320
472.398000	0.080270
472.583000	-0.141033
472.769000	-0.133081
472.954000	-0.083662
473.140000	-0.148640
473.326000	-0.369624
473.511000	-0.083241
473.697000	0.129094
473.882000	-0.001641
474.068000	0.006576
474.253000	-0.075298
474.439000	-0.075418
474.625000	-0.083463
474.810000	0.063870
474.996000	-0.009826
475.181000	-0.172954
475.367000	-0.042466
475.552000	0.236539
475.738000	0.014700
475.924000	-0.099861
476.109000	-0.083457
476.295000	-0.189924
476.480000	-0.165535
476.666000	-0.140736
476.851000	0.014720
477.037000	0.031239
477.223000	-0.140842
477.408000	-0.239170
477.594000	-0.312591
477.779000	-0.165636
477.965000	-0.264126
478.151000	-0.370684
478.336000	-0.157604
478.522000	-0.206362
478.707000	-0.271845
478.893000	-0.050871
479.078000	-0.190828
479.264000	-0.207332
479.450000	-0.166261
479.635000	-0.174255
479.821000	-0.232199
480.006000	0.006582
480.192000	-0.009864
480.377000	0.031304
480.563000	0.023043
480.749000	-0.116939
480.934000	-0.141492
481.120000	-0.083601
481.305000	0.022918
481.491000	-0.001644
481.676000	-0.009884
481.862000	0.014860
482.048000	-0.182287
482.233000	-0.050849
482.419000	-0.075624
482.604000	-0.199127
482.790000	-0.297874
482.975000	-0.174607
483.161000	-0.026277
483.347000	-0.190202
483.532000	-0.108240
483.718000	-0.108598
483.903000	-0.026364
484.089000	-0.157801
484.274000	-0.264229
484.460000	-0.133202
484.646000	-0.083875
484.831000	-0.215598
485.017000	-0.239532
485.202000	-0.189951
485.388000	0.088367
485.573000	0.014699
485.759000	-0.230865
485.945000	-0.042580
486.130000	-0.181645
486.316000	-0.075305
486.501000	-0.164907
486.687000	-0.335871
486.872000	-0.336175
487.058000	-0.132273
487.244000	-0.017974
487.429000	-0.107532
487.615000	-0.050517
487.800000	0.014664
487.986000	-0.163933
488.171000	-0.123641
488.357000	-0.058369
488.543000	-0.025847
488.728000	0.063023
488.914000	-0.001617
489.099000	-0.179381
489.285000	-0.138881
489.470000	0.086986
489.656000	-0.001612
489.842000	0.062629
490.027000	0.230546
490.213000	-0.089806
490.398000	-0.435680
490.584000	-0.113747
490.769000	-0.065685
490.955000	-0.121547
491.141000	-0.121279
491.326000	-0.120854
491.512000	0.141461
491.697000	0.149103
491.883000	-0.049192
492.068000	-0.088874
492.254000	-0.136729
492.440000	-0.073091
492.625000	-0.128320
492.811000	-0.207111
492.996000	-0.064732
493.182000	-0.214037
493.367000	-0.372474
493.553000	-0.435726
493.739000	-0.261673
493.924000	-0.088376
494.110000	-0.064499
494.295000	-0.166247
494.481000	-0.103640
494.666000	-0.017286
494.852000	0.100410
495.038000	-0.134649
495.223000	-0.150531
495.409000	-0.111069
495.594000	-0.126922
495.780000	-0.095334
495.965000	-0.134541
496.151000	0.053127
496.337000	0.084299
496.522000	-0.118184
496.708000	-0.110809
496.893000	-0.056182
497.079000	-0.102740
497.264000	-0.032628
497.450000	0.013989
497.636000	0.068451
497.821000	-0.148960
498.007000	0.045000
498.192000	0.014017
498.378000	-0.141482
498.563000	-0.203737
498.749000	-0.133888
498.935000	-0.087051
499.120000	0.021710
499.306000	-0.172375
499.491000	-0.249346
499.677000	-0.055737
499.862000	-0.001554
500.048000	-0.009341
500.234000	-0.079199
500.419000	0.014002
500.605000	0.076300
500.790000	-0.079326
500.976000	-0.063875
501.161000	-0.102795
501.347000	-0.063855
501.533000	0.006234
501.718000	-0.165096
501.904000	-0.266955
502.089000	0.006254
502.275000	0.193367
502.460000	-0.009329
502.646000	-0.094953
502.832000	0.045166
503.017000	0.115484
503.203000	-0.126585
503.388000	-0.322705
503.574000	-0.056247
503.759000	0.107778
503.945000	0.053199
504.131000	0.006259
504.316000	-0.157935
504.502000	-0.157995
504.687000	-0.111362
504.873000	-0.299748
505.058000	-0.142794
505.244000	-0.127071
505.430000	-0.158746
505.615000	-0.080260
505.801000	-0.040991
505.986000	-0.150621
506.172000	-0.032968
506.358000	-0.072381
506.543000	-0.158838
506.729000	0.155786
506.914000	0.108817
507.100000	0.243697
507.285000	-0.009511
507.471000	-0.120335
507.657000	0.117154
507.842000	0.014229
508.028000	-0.230979
508.213000	-0.279135
508.399000	-0.112839
508.584000	0.157495
508.770000	0.006352
508.956000	0.030197
509.141000	0.046049
509.327000	-0.065238
509.512000	-0.183845
509.698000	-0.096824
509.883000	-0.049343
510.069000	-0.049476
510.255000	-0.169250
510.440000	-0.169459
510.626000	-0.145404
510.811000	-0.121611
510.997000	0.086426
511.182000	0.398047
511.368000	0.222445
511.554000	-0.289828
511.739000	-0.265637
511.925000	-0.041632
512.110000	-0.001600
512.296000	0.166788
512.481000	0.158576
512.667000	0.158747
512.853000	-0.137926
513.038000	-0.033727
513.224000	-0.114056
513.409000	-0.154201
513.595000	-0.057919
513.780000	-0.307134
513.966000	-0.290351
514.152000	-0.186104
514.337000	-0.178155
514.523000	0.014446
514.708000	0.110868
514.894000	0.143398
515.079000	-0.017654
515.265000	0.038651
515.451000	0.087000
515.636000	-0.122355
515.822000	-0.114447
516.007000	-0.227319
516.193000	-0.082141
516.378000	0.046788
516.564000	-0.009666
516.750000	0.006446
516.935000	0.095131
517.121000	0.078992
517.306000	0.151674
517.492000	0.079183
517.677000	-0.009685
517.863000	-0.130771
518.049000	-0.090437
518.234000	-0.130713
518.420000	-0.090482
518.605000	0.289118
518.791000	0.272831
518.976000	0.014587
519.162000	-0.147221
519.348000	-0.090617
519.533000	-0.058169
519.719000	0.224824
519.904000	0.079344
520.090000	0.006464
520.275000	0.127748
520.461000	0.055089
520.647000	-0.155517
520.832000	-0.294008
521.018000	-0.074526
521.203000	-0.009689
521.389000	-0.251731
521.574000	-0.138917
521.760000	-0.001617
521.946000	-0.034070
522.131000	0.038970
522.317000	0.006485
522.502000	-0.131266
522.688000	-0.025941
522.873000	-0.082764
523.059000	-0.050343
523.245000	0.055163
523.430000	-0.042237
523.616000	-0.050346
523.801000	-0.204902
523.987000	-0.131959
524.172000	0.063529
524.358000	-0.026074
524.544000	-0.115516
524.729000	0.136304
524.915000	0.234223
525.100000	0.039022
525.286000	0.071646
525.471000	-0.017962
525.657000	0.071922
525.843000	-0.132558
526.028000	-0.083521
526.214000	-0.157158
526.399000	-0.091940
526.585000	-0.165854
526.770000	-0.264351
526.956000	-0.141559
527.142000	-0.108618
527.327000	0.088972
527.513000	-0.084133
527.698000	-0.150288
527.884000	-0.117685
528.069000	-0.216700
528.255000	-0.084475
528.441000	-0.217244
528.626000	-0.159690
528.812000	0.156238
528.997000	-0.026647
529.183000	-0.218082
529.368000	-0.043484
529.554000	0.073784
529.740000	0.015135
529.925000	-0.127832
530.111000	-0.195327
530.296000	0.006745
530.482000	0.218073
530.667000	0.049044
530.853000	-0.035628
531.039000	-0.163228
531.224000	-0.087181
531.410000	0.117914
531.595000	-0.018815
531.781000	0.135150
531.967000	-0.190955
532.152000	-0.226065
532.338000	-0.356198
532.523000	-0.452156
532.709000	-0.358193
532.894000	-0.176483
533.080000	-0.010495
533.266000	-0.063020
533.451000	-0.107181
533.637000	-0.160412
533.822000	0.042475
534.008000	-0.160910
534.193000	-0.143759
534.379000	0.051654
534.565000	-0.100148
534.750000	-0.262068
534.936000	0.034234
535.121000	-0.065032
535.307000	-0.028953
535.492000	-0.137750
535.678000	-0.238857
535.864000	-0.194230
536.049000	0.200879
536.235000	-0.011070
536.420000	-0.122326
536.606000	-0.299255
536.791000	-0.263636
536.977000	-0.198690
537.163000	0.054570
537.348000	0.017035
537.534000	-0.097176
537.719000	-0.307537
537.905000	-0.289559
538.090000	0.017327
538.276000	0.046368
538.462000	0.046519
538.647000	0.085630
538.833000	0.027395
539.018000	0.135649
539.204000	0.057051
539.389000	-0.150538
539.575000	0.077314
539.761000	0.057777
539.946000	-0.152130
540.132000	0.038181
540.317000	-0.112856
540.503000	-0.183786
540.688000	-0.083326
540.874000	0.242585
541.060000	0.354587
541.245000	0.161746
541.431000	-0.115090
541.616000	-0.125710
541.802000	-0.136130
541.987000	0.153067
542.173000	0.018687
542.359000	-0.168385
542.544000	-0.085108
542.730000	-0.262593
542.915000	-0.409464
543.101000	-0.252928
543.286000	-0.284874
543.472000	-0.276113
543.658000	-0.255221
543.843000	-0.234705
544.029000	0.199398
544.214000	0.114695
544.400000	-0.416767
544.585000	-0.460303
544.771000	-0.194559
544.957000	-0.002143
545.142000	0.008578
545.328000	-0.012900
545.513000	0.008616
545.699000	0.138454
545.884000	0.019483
546.070000	0.030321
546.261000	-0.023911
546.451000	0.008722
546.642000	-0.144158
546.833000	-0.166286
547.023000	-0.209998
547.214000	-0.309682
547.405000	-0.068074
547.595000	0.272646
547.786000	0.284732
547.977000	-0.035412
548.167000	-0.256952
548.358000	-0.291459
548.549000	-0.046894
548.740000	-0.013398
548.930000	-0.214449
549.121000	0.008961
549.312000	-0.305841
549.502000	-0.306580
549.693000	-0.137399
549.884000	0.087872
550.074000	0.201235
550.265000	-0.070259
550.456000	-0.093150
550.646000	-0.036437
550.837000	-0.036450
551.028000	0.157401
551.218000	0.328403
551.409000	0.112237
551.600000	-0.128380
551.790000	-0.094363
551.981000	-0.163401
552.172000	-0.048420
552.362000	0.170549
552.553000	0.217745
552.744000	0.101855
552.934000	0.136697
553.125000	0.148546
553.316000	0.137028
553.506000	0.416586
553.697000	-0.142493
553.888000	-0.142243
554.079000	0.336050
554.269000	0.324708
554.460000	-0.060890
554.651000	-0.189891
554.841000	-0.225309
555.032000	-0.119878
555.223000	0.044723
555.413000	0.138263
555.604000	0.056481
555.795000	-0.108540
555.985000	-0.061474
556.176000	-0.096764
556.367000	-0.226520
556.557000	0.009470
556.748000	-0.002372
556.939000	-0.203684
557.129000	-0.392825
557.320000	-0.286514
557.511000	-0.096902
557.701000	-0.037756
557.892000	0.033169
558.083000	0.210630
558.273000	0.151492
558.464000	-0.274596
558.655000	-0.073320
558.845000	0.198090
559.036000	0.233630
559.227000	-0.025978
559.418000	-0.049686
559.608000	0.340567
559.799000	0.174795
559.990000	-0.225556
560.180000	-0.296430
560.371000	-0.344005
560.562000	-0.237613
560.752000	-0.167188
560.943000	-0.108369
561.134000	-0.378272
561.324000	-0.107947
561.515000	0.255313
561.706000	0.126627
561.896000	-0.400113
562.087000	-0.376291
562.278000	-0.317736
562.468000	-0.540221
562.659000	-0.247216
562.850000	0.184364
563.040000	0.079347
563.231000	-0.317635
563.422000	-0.223476
563.612000	-0.293636
563.803000	-0.281470
563.994000	-0.349571
564.185000	-0.395209
564.375000	0.043963
564.566000	-0.094752
564.757000	-0.152952
564.947000	-0.199065
565.138000	-0.302199
565.329000	-0.324613
565.519000	-0.393476
565.710000	-0.474490
565.901000	-0.209750
566.091000	-0.013819
566.282000	-0.404440
566.473000	-0.265738
566.663000	-0.116697
566.854000	-0.389727
567.045000	-0.229592
567.235000	-0.320462
567.426000	-0.263546
567.617000	-0.058858
567.807000	-0.251386
567.998000	-0.171770
568.189000	-0.160430
568.379000	-0.227638
568.570000	-0.024758
568.761000	0.065133
568.951000	-0.125574
569.142000	-0.316602
569.333000	-0.350277
569.524000	-0.471998
569.714000	-0.348934
569.905000	-0.426488
570.096000	-0.013395
570.286000	-0.124852
570.477000	0.008894
570.668000	0.019992
570.858000	0.042204
571.049000	-0.201423
571.240000	-0.279034
571.430000	-0.002212
571.621000	0.008815
571.812000	0.162418
572.002000	0.140719
572.193000	-0.243661
572.384000	-0.155789
572.574000	-0.101015
572.765000	-0.122750
572.956000	-0.155143
573.146000	-0.089724
573.337000	-0.220588
573.528000	-0.111192
573.718000	0.084807
573.909000	0.084686
574.100000	-0.023801
574.290000	-0.099212
574.481000	-0.152789
574.672000	-0.088332
574.863000	-0.012875
575.053000	-0.280572
575.244000	-0.034187
575.435000	0.072578
575.625000	0.242274
575.816000	0.104006
576.007000	-0.161317
576.197000	-0.204090
576.388000	-0.224473
576.579000	-0.023287
576.769000	0.029603
576.960000	-0.350742
577.155000	-0.518339
577.350000	-0.117851
577.545000	0.260471
577.740000	-0.054453
577.935000	0.102411
578.130000	0.207072
578.326000	-0.189758
578.521000	-0.043770
578.716000	-0.064315
578.911000	-0.395829
579.106000	-0.094972
579.301000	-0.012350
579.496000	-0.002052
579.691000	-0.278812
579.886000	-0.278085
580.081000	-0.012250
580.276000	-0.032585
580.471000	-0.093667
580.666000	-0.184977
580.861000	-0.235711
581.057000	-0.185032
581.252000	-0.022372
581.447000	-0.103491
581.642000	-0.134155
581.837000	-0.276068
582.032000	-0.224679
582.227000	0.028173
582.422000	0.138595
582.617000	-0.241941
582.812000	-0.321094
583.007000	-0.330886
583.202000	-0.340225
583.397000	-0.111029
583.592000	0.146460
583.788000	-0.071024
583.983000	-0.021681
584.178000	0.007872
584.373000	-0.100061
584.568000	0.007831
584.763000	-0.158741
584.958000	-0.374289
585.153000	-0.472305
585.348000	-0.315351
585.543000	-0.011764
585.738000	-0.148946
585.933000	-0.296007
586.128000	-0.060748
586.324000	-0.070731
586.519000	-0.139396
586.714000	-0.070736
586.909000	-0.149596
587.104000	-0.061223
587.299000	-0.159511
587.494000	0.007866
587.689000	0.007882
587.884000	0.086962
588.079000	-0.081038
588.274000	-0.051485
588.469000	0.017786
588.664000	0.037598
588.859000	0.007927
589.055000	-0.091262
589.250000	-0.170702
589.445000	-0.210655
589.640000	-0.200880
589.835000	0.057816
590.030000	0.287003
590.225000	0.217285
590.420000	-0.041920
590.615000	-0.331667
590.810000	-0.291381
591.005000	-0.052102
591.200000	-0.102243
591.395000	-0.182405
591.591000	-0.062031
591.786000	0.167944
591.981000	-0.002005
592.176000	-0.122569
592.371000	-0.182920
592.566000	-0.102441
592.761000	0.188786
592.956000	-0.052306
593.151000	-0.052332
593.346000	-0.002018
593.541000	0.048390
593.736000	0.048539
593.931000	-0.204358
594.126000	-0.184397
594.322000	-0.123602
594.517000	-0.234998
594.712000	-0.397240
594.907000	-0.276628
595.102000	-0.124239
595.297000	0.018318
595.492000	-0.022437
595.687000	-0.247300
595.882000	-0.359891
596.077000	-0.002049
596.272000	0.079887
596.467000	0.028687
596.662000	-0.094349
596.857000	-0.197687
597.053000	-0.094885
597.248000	-0.012371
597.443000	0.090840
597.638000	-0.074503
597.833000	-0.447445
598.028000	-0.157235
598.223000	0.049750
598.418000	0.008306
598.613000	-0.033222
598.808000	0.236886
599.003000	0.143533
599.198000	-0.252021
599.393000	-0.147835
599.589000	-0.033406
599.784000	-0.284146
599.979000	-0.179946
600.174000	0.102598
600.369000	-0.159298
600.564000	-0.086049
600.759000	0.229031
600.954000	0.134250
601.149000	0.061019
601.344000	-0.275916
601.539000	-0.086456
601.734000	-0.033695
601.929000	-0.287129
602.124000	-0.361324
602.320000	-0.203200
602.515000	0.294264
602.710000	0.305479
602.905000	-0.203624
603.100000	-0.351533
603.295000	-0.309748
603.490000	-0.204253
603.685000	-0.002128
603.880000	0.008522
604.075000	-0.247774
604.270000	-0.130571
604.465000	-0.077000
604.660000	-0.237608
604.856000	-0.290908
605.051000	0.072867
605.246000	0.029979
605.441000	-0.259297
605.636000	-0.377268
605.831000	-0.335011
606.026000	-0.528066
606.221000	-0.475050
606.416000	-0.314235
606.611000	0.051707
606.806000	-0.055965
607.001000	0.191818
607.196000	0.062560
607.391000	-0.120975
607.587000	0.192654
607.782000	0.138721
607.977000	-0.229214
608.172000	0.160517
608.367000	0.106286
608.562000	-0.176049
608.757000	-0.349812
608.952000	-0.492184
609.147000	0.117455
609.342000	0.117637
609.537000	-0.242254
609.732000	-0.187989
609.927000	-0.045813
610.122000	-0.034965
610.318000	0.216559
610.513000	0.304215
610.708000	-0.024101
610.903000	-0.133800
611.098000	-0.068142
611.293000	-0.288032
611.488000	-0.211106
611.683000	-0.200461
611.878000	-0.156452
612.073000	-0.266705
612.268000	-0.322160
612.463000	-0.079615
612.658000	-0.134905
612.854000	-0.046540
613.049000	-0.135249
613.244000	0.019966
613.439000	0.164230
613.634000	-0.324828
613.829000	-0.169137
614.024000	-0.214153
614.219000	-0.124905
614.414000	0.354874
614.609000	-0.203406
614.804000	-0.404684
614.999000	-0.281456
615.194000	-0.237396
615.389000	-0.226465
615.585000	-0.417819
615.780000	-0.047213
615.975000	-0.013516
616.170000	-0.092427
616.365000	0.088008
616.560000	0.347854
616.755000	0.428209
616.950000	0.111065
617.145000	0.054449
617.340000	-0.070398
617.535000	-0.195293
617.730000	-0.184190
617.925000	-0.514747
618.120000	-0.332640
618.316000	0.203216
618.511000	-0.047994
618.706000	-0.587140
618.901000	-0.242987
619.096000	0.124258
619.291000	-0.059775
619.486000	-0.002306
619.681000	-0.336989
619.876000	-0.394523
620.071000	-0.256319
620.266000	-0.037037
620.461000	0.217981
620.656000	0.125456
620.852000	-0.187947
621.047000	-0.223297
621.242000	-0.363336
621.437000	-0.095720
621.632000	0.044453
621.827000	-0.002342
622.022000	-0.260132
622.217000	-0.166840
622.412000	0.021172
622.607000	0.068286
622.802000	-0.402861
622.997000	-0.297880
623.192000	0.009456
623.387000	-0.156052
623.583000	-0.227434
623.778000	0.247068
623.973000	0.235345
624.168000	0.069103
624.363000	0.128476
624.558000	0.164444
624.753000	-0.480572
624.948000	-0.146119
625.143000	-0.098282
625.338000	-0.062430
625.533000	0.009608
625.728000	0.069730
625.923000	0.093836
626.119000	-0.002412
626.314000	-0.316227
626.509000	-0.317199
626.704000	-0.305898
626.899000	-0.026728
627.094000	-0.148427
627.289000	-0.099992
627.484000	-0.283570
627.679000	-0.271590
627.874000	-0.296440
628.069000	0.071151
628.264000	0.034318
628.459000	-0.186734
628.654000	-0.100830
628.850000	-0.261595
629.045000	-0.163061
629.240000	-0.014839
629.435000	0.022287
629.630000	-0.151340
629.825000	-0.138931
630.020000	0.022416
630.215000	-0.263869
630.410000	-0.214930
630.605000	-0.352674
630.800000	-0.177561
630.995000	0.210543
631.190000	0.236114
631.385000	-0.153315
631.581000	-0.015106
631.776000	0.085655
631.971000	-0.166809
632.166000	-0.255465
632.361000	-0.382293
632.556000	-0.040564
632.751000	0.061043
632.946000	-0.435076
633.141000	-0.423640
633.336000	-0.117578
633.531000	-0.092301
633.726000	-0.053776
633.921000	-0.182308
634.117000	-0.285649
634.312000	-0.376096
634.507000	-0.247563
634.702000	-0.209256
634.897000	-0.390650
635.092000	-0.274955
635.287000	0.023392
635.482000	0.010424
635.677000	-0.093845
635.872000	0.036499
636.067000	0.088846
636.262000	-0.120672
636.457000	-0.381450
636.652000	-0.382020
636.848000	-0.343521
637.043000	-0.344945
637.238000	-0.451451
637.433000	-0.359321
637.628000	-0.517825
637.823000	-0.359835
638.018000	-0.241236
638.213000	-0.241775
638.408000	-0.255296
638.603000	-0.548610
638.798000	-0.749433
638.993000	-0.403494
639.188000	-0.310076
639.383000	-0.444106
639.579000	0.171041
639.774000	0.091119
639.969000	-0.163547
640.164000	-0.271410
640.359000	-0.043042
640.554000	-0.083502
640.749000	-0.164763
640.944000	-0.178655
641.139000	-0.097250
641.334000	-0.259798
641.529000	-0.572151
641.724000	0.010860
641.919000	-0.043531
642.115000	0.324539
642.310000	0.174293
642.505000	-0.084393
642.700000	-0.057273
642.895000	-0.399398
643.090000	-0.112124
643.285000	0.243424
643.480000	0.161739
643.675000	0.285342
643.870000	0.340872
644.065000	0.327764
644.260000	-0.057825
644.455000	-0.140695
644.650000	-0.334634
644.846000	0.038719
645.041000	-0.127166
645.236000	-0.501586
645.431000	-0.599438
645.626000	-0.779355
645.821000	-0.612706
646.016000	-0.433763
646.211000	0.150432
646.406000	0.206536
646.601000	0.039036
646.796000	-0.170049
646.991000	-0.211897
647.186000	-0.016766
647.381000	0.025165
647.577000	-0.016793
647.772000	-0.114756
647.967000	-0.058893
648.162000	-0.030873
648.357000	-0.002810
648.552000	-0.002809
648.747000	0.137736
648.942000	0.165952
649.137000	-0.045141
649.332000	-0.271202
649.527000	-0.256969
649.722000	0.152435
649.917000	0.266129
650.113000	-0.031105
650.308000	-0.101943
650.503000	0.011321
650.698000	0.323579
650.893000	0.068170
651.088000	0.238753
651.283000	0.367456
651.478000	0.039879
651.673000	-0.017074
651.868000	-0.330755
652.063000	0.097138
652.258000	0.254468
652.453000	0.225276
652.648000	-0.088521
652.844000	-0.160025
653.039000	-0.074423
653.234000	-0.403728
653.429000	-0.662608
653.624000	-0.375486
653.819000	-0.132140
654.014000	-0.448213
654.209000	-0.247741
654.404000	0.169786
654.599000	-0.363517
654.794000	-0.578896
654.989000	-0.075104
655.184000	0.083868
655.380000	-0.176269
655.575000	-0.306338
655.770000	-0.379216
655.965000	-0.292445
656.160000	-0.393996
656.355000	0.170890
656.550000	0.156888
656.745000	0.084312
656.940000	-0.075652
657.135000	-0.090178
657.330000	-0.017461
657.525000	-0.294136
657.720000	-0.061264
657.915000	-0.017488
658.111000	-0.163282
658.306000	0.040853
658.501000	0.143314
658.696000	-0.178341
658.891000	-0.046799
659.086000	-0.222208
659.281000	-0.178642
659.476000	-0.604140
659.671000	-0.838679
659.866000	-0.296307
660.061000	0.158528
660.256000	-0.017622
660.451000	0.188138
660.646000	-0.135403
660.842000	-0.327109
661.037000	-0.504116
661.232000	-0.268657
661.427000	-0.224194
661.622000	-0.268938
661.817000	-0.401821
662.012000	-0.047392
662.207000	-0.299365
662.402000	-0.374405
662.597000	-0.285457
662.792000	-0.641687
662.987000	-0.552111
663.182000	0.086264
663.378000	0.041678
663.573000	-0.241729
663.768000	-0.464586
663.963000	-0.360746
664.158000	-0.434883
664.353000	0.281139
664.548000	0.669713
664.743000	0.251426
664.938000	-0.227458
665.133000	-0.242802
665.328000	0.387258
665.523000	0.403056
665.718000	0.102280
665.913000	-0.289224
666.109000	-0.410650
666.304000	-0.169036
666.499000	-0.123681
666.694000	0.027227
666.889000	0.541448
667.084000	0.270116
667.279000	-0.306353
667.474000	-0.078907
667.669000	-0.033376
667.864000	0.072906
668.059000	-0.231221
668.254000	-0.277208
668.449000	-0.430006
668.644000	-0.247251
668.840000	0.073164
669.035000	-0.155694
669.230000	-0.324699
669.425000	-0.095023
669.620000	-0.478147
669.815000	-0.387594
670.010000	-0.064539
670.205000	0.135338
670.400000	-0.095182
670.595000	-0.249457
670.790000	-0.450243
670.985000	-0.250054
671.180000	0.213245
671.376000	-0.250555
671.571000	-0.514621
671.766000	-0.344911
671.961000	-0.329500
672.156000	-0.376595
672.351000	-0.221029
672.546000	0.028077
672.741000	-0.003113
672.936000	0.105975
673.131000	0.934483
673.326000	0.216250
673.521000	-0.426601
673.716000	-0.348174
673.911000	-0.521065
674.107000	-0.066042
674.302000	0.232880
674.497000	-0.066163
674.692000	-0.239618
674.887000	-0.240435
675.082000	-0.193272
675.277000	0.155469
675.472000	-0.050832
675.667000	-0.560010
675.862000	-0.623965
676.057000	-0.321748
676.252000	0.124502
676.447000	0.076804
676.643000	0.060754
676.838000	0.205032
677.033000	-0.035290
677.228000	0.221916
677.423000	0.205960
677.618000	-0.132301
677.813000	-0.454719
678.008000	0.045295
678.203000	0.239668
678.398000	0.272550
678.593000	-0.035703
678.788000	-0.052101
678.983000	-0.247175
679.178000	-0.100872
679.374000	-0.215072
679.569000	-0.003266
679.764000	-0.298059
679.959000	-0.528600
680.154000	-0.430190
680.349000	-0.448157
680.544000	-0.332376
680.739000	-0.151459
680.934000	-0.151612
681.129000	-0.201613
681.324000	-0.350777
681.519000	-0.368481
681.714000	-0.302194
681.909000	-0.218907
682.105000	-0.335938
682.300000	-0.036729
682.495000	-0.020024
682.690000	-0.036794
682.885000	-0.187465
683.080000	-0.322260
683.275000	-0.272044
683.470000	0.635539
683.665000	0.417884
683.860000	0.469242
684.055000	0.148622
684.250000	-0.426016
684.445000	-0.172161
684.641000	0.572210
684.836000	0.200097
685.031000	0.098708
685.226000	-0.122700
685.421000	0.030761
685.616000	-0.140135
685.811000	-0.551605
686.006000	-0.157587
686.201000	-0.243557
686.396000	-0.606060
686.591000	-0.331242
686.786000	0.255738
686.981000	-0.020737
687.176000	0.187091
687.372000	-0.176896
687.567000	0.204736
687.762000	0.240097
687.957000	-0.194854
688.152000	-0.265008
688.347000	-0.108290
688.542000	-0.003502
688.737000	-0.458549
688.932000	-0.880086
689.127000	-0.565304
689.322000	-0.443673
689.517000	-0.337964
689.712000	-0.427483
689.908000	-0.534010
690.103000	-0.162994
690.298000	0.014176
690.493000	-0.358875
690.688000	-0.643927
690.883000	-0.324856
691.078000	-0.021426
691.273000	0.103572
691.468000	-0.182498
691.663000	-0.237072
691.858000	0.158076
692.053000	0.247881
692.248000	0.356019
692.443000	0.158224
692.639000	0.122518
692.834000	0.357629
693.029000	0.791415
693.224000	0.795172
693.419000	-0.003634
693.614000	-0.076465
693.809000	-0.021863
694.004000	-0.332215
694.199000	-0.587612
694.394000	-0.058594
694.589000	-0.370269
694.784000	-0.682574
694.979000	-0.480753
695.174000	-0.095658
695.370000	0.547269
695.565000	0.162003
695.760000	-0.188206
695.955000	0.199759
696.150000	0.421846
696.345000	0.033433
696.540000	-0.133965
696.740000	-0.208245
696.940000	0.014886
697.140000	-0.022444
697.340000	-0.134897
697.539000	0.371165
697.739000	0.296300
697.939000	0.202675
698.139000	-0.154043
698.339000	-0.531744
698.539000	-0.211068
698.739000	-0.192739
698.939000	-0.212560
699.138000	-0.460042
699.338000	0.545620
699.538000	0.414578
699.738000	-0.080107
699.938000	-0.118353
700.138000	-0.290646
700.338000	-0.406546
700.538000	-0.638249
700.737000	-0.618821
700.937000	-0.463698
701.137000	-0.272505
701.337000	0.285495
701.537000	0.054131
701.737000	-0.042478
701.937000	-0.429615
702.137000	-0.294166
702.337000	-0.391586
702.536000	-0.975136
702.736000	-0.626239
702.936000	-0.724549
703.136000	0.035162
703.336000	0.328108
703.536000	-0.199762
703.736000	-0.239579
703.936000	-0.395858
704.135000	-0.748228
704.335000	-0.534261
704.535000	-0.634198
704.735000	-0.516553
704.935000	0.055087
705.135000	-0.083033
705.335000	-0.400683
705.535000	-0.063516
705.735000	0.254021
705.934000	0.214221
706.134000	-0.301597
706.334000	-0.461424
706.534000	-0.661264
706.734000	-0.462455
706.934000	-0.263106
707.134000	-0.322987
707.334000	0.055944
707.533000	0.236198
707.733000	-0.164019
707.933000	-0.564629
708.133000	-0.303970
708.333000	-0.044225
708.533000	-0.406813
708.733000	0.036245
708.933000	0.076585
709.132000	-0.064618
709.332000	-0.428820
709.532000	-0.470311
709.732000	-0.368413
709.932000	-0.511331
710.132000	-0.146003
710.332000	-0.470238
710.532000	-0.267797
710.732000	0.199364
710.931000	-0.207655
711.131000	-0.249343
711.331000	-0.147266
711.531000	-0.495818
711.731000	-0.414907
711.931000	-0.004115
712.131000	0.345229
712.331000	0.180892
712.530000	0.016425
712.730000	-0.333477
712.930000	-0.642037
713.130000	-0.251933
713.330000	-0.810490
713.530000	-0.668209
713.730000	0.182700
713.930000	-0.170189
714.129000	-0.398075
714.329000	-0.461752
714.529000	-0.357482
714.729000	0.079141
714.929000	0.037489
715.129000	0.120998
715.329000	0.183754
715.529000	0.226440
715.729000	0.435287
715.928000	-0.067135
716.128000	-0.109163
716.328000	0.185285
716.528000	0.016863
716.728000	-0.109638
716.928000	-0.215081
717.128000	0.185974
717.328000	0.101424
717.527000	-0.258099
717.727000	-0.258350
717.927000	-0.152959
718.127000	-0.365612
718.327000	-0.685700
718.527000	-0.664072
718.727000	0.038347
718.927000	0.059759
719.127000	-0.368570
719.326000	-0.495124
719.526000	-0.025657
719.726000	0.188546
719.926000	-0.606460
720.126000	-0.886178
720.326000	-0.455926
720.526000	-0.262421
720.726000	0.017260
720.925000	0.060448
721.125000	-0.416039
721.325000	-0.134183
721.525000	0.039051
721.725000	-0.047734
721.925000	-0.352485
722.125000	-0.483075
722.325000	0.387289
722.524000	-0.113484
722.724000	-0.659900
722.924000	-0.485062
723.124000	-0.310651
723.324000	-0.245272
723.524000	0.258646
723.724000	-0.311534
723.924000	-0.642916
724.124000	-0.599087
724.323000	-0.467542
724.523000	-0.489168
724.723000	0.150158
724.923000	0.326910
725.123000	0.415702
725.323000	0.239233
725.523000	-0.137600
725.723000	-0.381329
725.922000	-0.581517
726.122000	-0.359968
726.322000	-0.472340
726.522000	-0.673520
726.722000	0.374242
726.922000	0.129114
727.122000	-0.294869
727.322000	0.219198
727.521000	0.062782
727.721000	-0.318861
727.921000	-0.498525
728.121000	-0.857608
728.321000	-0.904171
728.521000	-0.545695
728.721000	-0.411097
728.921000	-0.230314
729.121000	0.764454
729.320000	0.448312
729.520000	-0.412122
729.720000	-0.639617
729.920000	-0.483137
730.120000	-0.504642
730.320000	-0.209643
730.520000	-0.232526
730.720000	0.064032
730.919000	0.155477
731.119000	0.064137
731.319000	-0.578176
731.519000	-0.601037
731.719000	0.018366
731.919000	-0.280234
732.119000	-1.131999
732.319000	-1.135553
732.519000	-0.073897
732.718000	-0.420838
732.918000	-0.398057
733.118000	-0.329448
733.318000	-0.097723
733.518000	-0.353691
733.718000	-0.610500
733.918000	-0.564227
734.118000	-0.494109
734.317000	-0.238700
734.517000	-0.542173
734.717000	-0.098625
734.917000	0.771955
735.117000	0.207331
735.317000	0.042398
735.517000	0.231461
735.717000	0.397963
735.916000	-0.597034
736.116000	-0.667529
736.316000	-0.433475
736.516000	-0.647628
736.716000	-0.481203
736.916000	-0.554923
737.116000	-0.437447
737.316000	0.139383
737.516000	0.019263
737.715000	-0.004819
737.915000	-0.390508
738.115000	-0.270838
738.315000	-0.464638
738.515000	-0.948452
738.715000	-0.296915
738.915000	0.653113
739.115000	0.068349
739.314000	-0.297536
739.514000	0.337766
739.714000	0.289543
739.914000	-0.029531
740.114000	-0.670628
740.314000	0.093760
740.514000	0.785828
740.714000	0.119017
740.913000	-0.501594
741.113000	0.119377
741.313000	0.094507
741.513000	-0.478854
741.713000	0.045013
741.913000	-0.030151
742.113000	-0.306065
742.313000	-0.558126
742.513000	-0.759961
742.712000	-0.888651
742.912000	-1.141410
743.112000	-0.613175
743.312000	-0.487294
743.512000	-0.284897
743.712000	-0.183735
743.912000	-0.823033
744.112000	-0.977018
744.311000	-0.492394
744.511000	-0.287749
744.711000	-0.700562
744.911000	-1.088456
745.111000	-0.702436
745.311000	0.150072
745.511000	-0.186554
745.711000	-0.861032
745.911000	-0.135035
746.110000	-0.472850
746.310000	-0.580177
746.510000	-0.605001
746.710000	0.047155
746.910000	0.466726
747.110000	-0.583034
747.310000	-0.426201
747.510000	0.047536
747.709000	-0.243159
747.909000	-0.376273
748.109000	-0.164843
748.309000	-0.165180
748.509000	-0.192123
748.709000	-0.621358
748.909000	-0.058904
749.109000	0.424882
749.308000	0.371476
749.508000	0.318805
749.708000	-0.086485
749.908000	0.075691
750.108000	0.482608
750.308000	-0.604004
750.508000	-0.196394
750.708000	-0.278319
750.908000	-1.099273
751.107000	-0.170062
751.307000	0.624650
751.507000	-0.088042
751.707000	-0.060452
751.907000	-0.005509
752.107000	0.132666
752.307000	-0.421523
752.507000	-0.700670
752.706000	-0.894693
752.906000	0.077965
753.106000	-0.508528
753.306000	-0.678250
753.506000	0.050586
753.706000	-0.456181
753.906000	0.050695
754.106000	0.360973
754.305000	-0.118598
754.505000	0.192519
754.705000	0.079705
754.905000	-0.005702
755.105000	-0.291216
755.305000	-1.263698
755.505000	-0.636536
755.705000	0.080384
755.905000	-0.092144
756.104000	-0.409241
756.304000	-0.872696
756.504000	-1.279891
756.704000	-0.238679
756.904000	-0.180362
757.104000	-0.412504
757.304000	-0.819982
757.504000	-0.298403
757.703000	-0.415347
757.903000	-0.064505
758.103000	0.346688
758.303000	-0.241596
758.503000	-0.596722
758.703000	-0.035532
758.903000	-0.213285
759.103000	0.083173
759.303000	-0.543222
759.502000	-0.754529
759.702000	-0.035916
759.902000	0.385062
760.102000	0.235209
760.302000	0.387284
760.502000	0.446461
760.702000	-0.036252
760.902000	-0.429886
761.101000	-0.491843
761.301000	-1.100984
761.501000	-0.401593
761.701000	-0.402400
761.901000	-0.772218
762.101000	-0.773871
762.301000	-0.528204
762.501000	-0.774517
762.700000	-0.623702
762.900000	-0.593037
763.100000	-0.037107
763.300000	-0.534041
763.500000	-0.721047
763.703000	-0.811565
763.905000	-1.001212
764.108000	0.056167
764.311000	-0.068658
764.513000	-0.474940
764.716000	-0.476863
764.919000	-0.351843
765.121000	-0.980515
765.324000	-0.857377
765.527000	-0.640126
765.729000	-0.830237
765.932000	-0.260270
766.135000	0.247501
766.337000	-0.101591
766.540000	-0.611550
766.743000	-0.134771
766.945000	-0.454752
767.148000	-1.161921
767.351000	-1.322222
767.553000	-0.682913
767.756000	-0.877123
767.958000	-1.070496
768.161000	-0.587347
768.364000	-0.783855
768.566000	-0.980340
768.769000	-0.429923
768.972000	-0.690386
769.174000	-0.594495
769.377000	-0.923778
769.580000	-1.155542
769.782000	-0.236155
769.985000	-0.236910
770.188000	-1.688696
770.390000	-0.967849
770.593000	0.158900
770.796000	-0.039755
770.998000	-0.371260
771.201000	-0.504383
771.404000	-0.073106
771.606000	-0.507099
771.809000	-0.573636
772.012000	-0.674986
772.214000	-1.310906
772.417000	-1.511717
772.620000	-0.906894
772.822000	-1.182721
773.025000	-1.451786
773.228000	-1.589173
773.430000	-1.052221
773.633000	-0.648749
773.836000	-0.243613
774.038000	0.163022
774.241000	-0.312375
774.444000	-0.245219
774.646000	0.469623
774.849000	0.061393
775.052000	-0.416040
775.254000	0.027335
775.457000	-0.894422
775.659000	-0.588585
775.862000	-0.314899
776.065000	-0.761116
776.267000	-0.075555
776.470000	0.096591
776.673000	-0.490195
776.875000	-0.006924
777.078000	-0.387151
777.281000	-1.013190
777.483000	-0.598711
777.686000	-0.425462
777.889000	-0.530654
778.091000	-0.077070
778.294000	-0.916523
778.497000	-0.777594
778.699000	-1.058653
778.902000	-0.605001
779.105000	-0.640219
779.307000	0.627043
779.510000	0.345997
779.713000	0.382786
779.915000	-0.220474
780.118000	0.953949
780.321000	1.204591
780.523000	-0.614411
780.726000	-0.757613
780.929000	-0.114316
781.131000	-0.758512
781.334000	-1.407741
781.537000	-1.879838
781.739000	-1.088563
781.942000	-0.764774
782.145000	-1.058816
782.347000	-1.494888
782.550000	-0.406638
782.753000	-0.990796
782.955000	-0.847388
783.158000	-1.029407
783.361000	-0.775791
783.563000	-1.105317
783.766000	-1.181573
783.968000	1.168687
784.171000	1.284809
784.374000	0.140308
784.576000	0.103354
784.779000	0.471732
784.982000	0.326185
785.184000	-0.827338
785.387000	0.477752
785.590000	0.925150
785.792000	0.441862
785.995000	0.405035
786.198000	0.217873
786.400000	-0.007545
786.603000	-0.083201
786.806000	-0.082944
787.008000	0.067857
787.211000	-0.537245
787.414000	-1.032610
787.616000	-0.693549
787.819000	-0.809774
788.022000	-1.384595
788.224000	-1.464726
788.427000	-1.619017
788.630000	-0.354199
788.832000	-0.623023
789.035000	-0.698825
789.238000	-1.781947
789.440000	-1.598366
789.643000	0.921415
789.846000	0.147536
790.048000	-0.708331
790.251000	-0.046714
790.454000	0.225334
790.656000	1.317999
790.859000	0.343942
791.062000	-0.595128
791.264000	0.461627
791.467000	-1.343595
791.669000	-2.093090
791.872000	-0.561473
792.075000	-0.481835
792.277000	-0.007900
792.480000	-0.007943
792.683000	-0.602031
792.885000	-1.395527
793.088000	-1.360853
793.291000	-1.842944
793.493000	-0.887185
793.696000	0.031983
793.899000	-0.048107
794.101000	-1.052772
794.304000	-0.652422
794.507000	-0.371061
794.709000	-0.210312
794.912000	-0.657839
795.115000	-0.659105
795.317000	-0.130158
795.520000	-0.212431
795.723000	-0.746507
795.925000	-1.281596
796.128000	-1.444047
796.331000	-1.078364
796.533000	-1.947323
796.736000	-1.003432
796.939000	-0.091439
797.141000	-0.050008
797.344000	0.700775
797.547000	0.325501
797.749000	-0.259103
797.952000	-0.974468
798.155000	-0.804695
798.357000	-1.146850
798.560000	-0.941316
798.763000	-0.474409
798.965000	-0.685549
799.168000	-0.093371
799.371000	0.628864
799.573000	-0.562750
799.776000	-1.118647
799.978000	-1.079686
800.181000	-0.008585
800.384000	1.496159
800.586000	0.336134
800.789000	-1.645485
800.992000	-1.256953
801.194000	-1.173447
801.397000	-1.262986
801.600000	-1.484311
801.802000	0.773688
802.005000	0.427319
802.208000	-1.889076
802.410000	-0.227194
802.613000	-0.184313
802.816000	0.079083
803.018000	-0.317175
803.221000	0.344248
803.424000	1.273713
803.626000	-0.274628
803.829000	-0.942043
804.032000	-0.008911
804.234000	0.792807
804.437000	-0.053678
804.640000	-0.589963
804.842000	-0.053756
805.045000	-0.369158
805.248000	-0.730677
805.450000	-1.225618
805.653000	-1.006662
805.856000	-1.186746
806.058000	0.899606
806.261000	-0.646694
806.464000	-1.650264
806.666000	-0.557047
806.869000	-0.744426
807.072000	-1.433555
807.274000	-1.388519
807.477000	0.175191
807.679000	-0.101511
807.882000	-1.859144
808.085000	-1.080173
808.287000	-0.242347
808.490000	-1.083316
808.693000	-1.177534
808.895000	-1.038518
809.098000	-0.383782
809.301000	0.037567
809.503000	-0.056596
809.706000	0.701821
809.909000	0.512055
810.111000	0.750169
810.314000	0.466357
810.517000	-0.815842
810.719000	-0.629640
810.922000	-0.249090
811.125000	0.277234
811.327000	-0.153831
811.530000	0.086873
811.735000	-0.443349
811.940000	-0.154553
812.146000	-0.494711
812.351000	0.087309
812.556000	0.087589
812.761000	-1.767104
812.967000	-0.500062
813.172000	-0.107743
813.377000	0.972689
813.582000	0.779480
813.788000	-0.109285
813.993000	-1.595515
814.198000	-1.349085
814.403000	-0.852624
814.609000	0.389088
814.814000	-0.360778
815.019000	1.140374
815.224000	0.739861
815.429000	-1.117166
815.635000	-0.817790
815.840000	-0.060643
816.045000	-0.213217
816.250000	0.294917
816.456000	-0.876078
816.661000	-1.135938
816.866000	-1.138435
817.071000	-2.521429
817.277000	-2.537690
817.482000	-1.043698
817.687000	-1.249575
817.892000	-0.529662
818.097000	0.250025
818.303000	0.875078
818.508000	1.237276
818.713000	3.275981
818.918000	1.399033
819.124000	1.140947
819.329000	-0.115630
819.534000	-0.853997
819.739000	-1.223110
819.945000	-1.281848
820.150000	-0.277004
820.355000	0.202819
820.560000	-0.010646
820.766000	-1.024632
820.971000	-1.889327
821.176000	-2.808591
821.381000	-2.693190
821.586000	-1.198151
821.792000	-0.064991
821.997000	-0.444523
822.202000	-1.204647
822.407000	-1.698152
822.613000	-1.865344
822.818000	-1.760846
823.023000	-0.613215
823.228000	0.540028
823.434000	0.154171
823.639000	0.430399
823.844000	-0.840936
824.049000	-0.453998
824.255000	0.099981
824.460000	-0.122769
824.665000	-0.178822
824.870000	0.773782
825.075000	0.662475
825.281000	1.283894
825.486000	1.914605
825.691000	-1.202692
825.896000	-3.308193
826.102000	-0.295761
826.307000	0.330691
826.512000	-0.011446
826.717000	-0.872561
826.923000	-1.047761
827.128000	-0.934667
827.333000	-1.172982
827.538000	0.046629
827.744000	0.747872
827.949000	-1.761167
828.154000	-1.299877
828.359000	0.046819
828.564000	-0.541119
828.770000	-0.956781
828.975000	0.520911
829.180000	0.642541
829.385000	-1.914994
829.591000	-1.923048
829.796000	-0.552188
830.001000	-0.372837
830.206000	-1.278888
830.412000	-1.096793
830.617000	-0.797398
830.822000	0.169989
831.027000	-0.799592
831.232000	-1.291984
831.438000	-0.932871
831.643000	-0.441849
831.848000	-0.627487
832.053000	-0.876895
832.259000	0.667760
832.464000	-3.422576
832.669000	-2.812672
832.874000	-1.379200
833.080000	-0.948492
833.285000	0.800027
833.490000	0.237677
833.695000	-1.271759
833.901000	-0.518688
834.106000	-0.646181
834.311000	-0.076421
834.516000	0.369934
834.721000	-1.616368
834.927000	-0.528135
835.132000	0.567889
835.337000	1.150397
835.542000	0.247051
835.748000	-0.532076
835.953000	0.572982
836.158000	-0.013054
836.363000	-0.078640
836.569000	-0.607580
836.774000	-0.542491
836.979000	-1.073053
837.184000	-2.669226
837.390000	-1.742820
837.595000	-0.346830
837.800000	-0.280775
838.005000	-0.349755
838.210000	-0.955515
838.416000	-0.486364
838.621000	-0.961798
838.826000	-2.179645
839.031000	-1.578491
839.237000	-1.521741
839.442000	-2.416708
839.647000	-1.796114
839.852000	-0.426867
840.058000	-0.359312
840.263000	-0.638828
840.468000	-1.821101
840.673000	-1.960313
840.878000	-0.988039
841.084000	-0.923933
841.289000	-0.084205
841.494000	1.823034
841.699000	2.467113
841.905000	1.265234
842.110000	1.057676
842.315000	-1.804742
842.520000	-0.300488
842.726000	-0.874934
842.931000	-2.379036
843.136000	-0.591843
843.341000	0.058171
843.547000	0.493445
843.752000	-1.467500
843.957000	-2.138709
844.162000	-0.235491
844.367000	1.017771
844.573000	0.874014
844.778000	-0.384141
844.983000	-0.088866
845.188000	0.059547
845.394000	-1.817582
845.599000	-1.363586
845.804000	-1.293060
846.009000	1.044626
846.215000	-0.395451
846.420000	-2.912884
846.625000	-0.780319
846.830000	-0.320152
847.036000	-1.470645
847.241000	-1.553803
847.446000	0.446087
847.651000	-1.791859
847.856000	-2.665373
848.062000	-1.813453
848.267000	1.079010
848.472000	0.847372
848.677000	-2.376120
848.883000	-0.565301
849.088000	2.046175
849.293000	0.541428
849.498000	-0.413506
849.704000	0.063794
849.909000	-1.055337
850.114000	-2.894273
850.319000	-1.778912
850.524000	-0.741261
850.730000	0.388939
850.935000	-1.480649
851.140000	0.473099
851.345000	0.799262
851.551000	1.946904
851.756000	0.394765
851.961000	-1.253417
852.166000	-1.749094
852.372000	-0.678291
852.577000	0.649918
852.782000	-1.108202
852.987000	-0.770185
853.193000	0.739354
853.398000	-0.352979
853.603000	-2.543756
853.808000	-3.556385
854.013000	0.407091
854.219000	2.362019
854.424000	2.285888
854.629000	1.350626
854.834000	-0.963797
855.040000	-0.450344
855.245000	2.399561
855.450000	-1.652150
855.655000	-3.908000
855.861000	-3.845815
856.066000	-2.912170
856.271000	-3.180431
856.476000	0.423167
856.682000	1.044290
856.887000	-2.847165
857.092000	-2.587308
857.297000	1.138727
857.502000	1.764935
857.708000	0.518009
857.913000	-0.017893
858.118000	-0.379224
858.323000	-2.553702
858.529000	-1.555168
858.734000	-1.650062
858.939000	-1.654926
859.144000	-1.660527
859.350000	-2.573267
859.555000	-1.757490
859.760000	-0.478582
859.965000	1.913773
860.171000	-0.295700
860.376000	-1.224853
860.581000	-2.716774
860.786000	-5.063959
860.991000	-2.740082
861.197000	-0.862787
861.402000	0.357390
861.607000	-0.112932
861.812000	-0.302449
862.018000	-2.390919
862.223000	-2.015196
862.428000	0.267727
862.633000	1.798410
862.839000	0.654568
863.044000	-0.698866
863.249000	-1.374580
863.454000	-0.019379
863.659000	-0.505397
863.865000	-0.410234
864.070000	-1.194759
864.275000	-1.589138
864.480000	-2.483303
864.686000	-4.075002
864.891000	-1.504651
865.096000	-0.616556
865.301000	0.677488
865.507000	1.182557
865.712000	-0.621302
865.917000	-1.331276
866.122000	-0.222483
866.328000	-2.664591
866.533000	-2.154577
866.738000	0.895493
866.943000	-1.040146
867.148000	0.492232
867.354000	-0.847496
867.559000	-2.295105
867.764000	-1.890769
867.969000	0.083532
868.175000	0.499502
868.380000	-1.900587
868.585000	-3.785212
868.790000	0.503639
868.996000	0.401349
869.201000	-1.503708
869.406000	-3.318173
869.611000	-1.192825
869.817000	-2.468105
870.022000	3.289028
870.227000	0.942030
870.432000	-2.280608
870.637000	-1.421625
870.843000	-2.079833
871.048000	-0.780314
871.253000	1.496467
871.458000	0.850122
871.664000	-2.654327
871.869000	-2.670010
872.074000	-3.452696
872.279000	-1.902492
872.485000	-1.246816
872.690000	-1.252221
872.895000	-0.022454
873.100000	-2.158086
873.306000	-1.602870
873.511000	-2.750684
873.716000	-1.161921
873.921000	-1.613354
874.126000	-1.729719
874.332000	-0.827414
874.537000	0.785312
874.742000	2.854834
874.947000	1.595315
875.153000	2.893839
875.358000	1.263175
875.563000	-2.944676
875.768000	-6.007941
875.974000	-6.150454
876.179000	-1.794429
876.384000	-0.260982
876.589000	-2.178597
876.794000	-1.342201
877.000000	-1.103432
877.205000	-3.497758
877.410000	-0.746331
877.615000	-2.908173
877.821000	-5.479968
878.026000	-3.784493
878.231000	-3.298554
878.436000	-5.369149
878.642000	-5.406266
878.847000	-0.269689
879.052000	3.403032
879.257000	0.716158
879.463000	-4.352338
879.668000	-4.229976
879.873000	-1.018241
880.078000	-0.771776
880.283000	-0.774781
880.489000	-3.523927
880.694000	-1.907675
880.899000	0.101161
881.104000	1.371223
881.310000	2.005998
881.515000	0.228269
881.720000	-0.279666
881.925000	1.124974
882.131000	4.193347
882.336000	1.262530
882.541000	-3.921250
882.746000	-2.896727
882.952000	-4.718000
883.157000	-5.121581
883.362000	-4.213476
883.567000	-5.150921
883.772000	-3.076809
883.978000	0.106213
884.183000	-0.425817
884.388000	-2.416176
884.593000	-2.948394
884.799000	1.040556
885.004000	2.949299
885.209000	-0.297764
885.414000	-2.454874
885.620000	-3.559501
885.825000	0.656808
886.030000	-1.119854
886.235000	-1.951170
886.440000	-2.383069
886.646000	-4.198127
886.851000	-3.939821
887.056000	-1.289450
887.261000	-0.168324
887.467000	-4.816753
887.672000	-2.864369
887.877000	-2.166360
888.082000	-2.606313
888.288000	-2.168759
888.493000	-5.191671
888.698000	-4.502131
888.903000	0.549745
889.109000	-0.173244
889.314000	2.137891
889.519000	0.834637
889.724000	3.718032
889.929000	1.558204
890.135000	-1.041597
890.340000	-2.215337
890.545000	-1.922969
890.750000	-3.387226
890.956000	-2.226605
891.161000	1.287225
891.366000	0.410729
891.571000	-2.087873
891.777000	-2.972843
891.982000	0.266201
892.187000	-1.069367
892.392000	1.896574
892.598000	1.907402
892.803000	-1.533397
893.008000	-4.385376
893.213000	-2.875919
893.418000	-5.007993
893.624000	-3.971919
893.829000	-5.338628
894.034000	-2.310231
894.239000	-0.183284
894.445000	-2.468602
894.650000	-4.012554
894.855000	-3.404190
895.060000	-3.704681
895.266000	-4.960866
895.471000	-6.505345
895.676000	0.433141
895.881000	2.153144
896.087000	1.373284
896.292000	1.696358
896.497000	2.020371
896.702000	-2.075156
896.907000	-6.172095
897.113000	0.284459
897.318000	2.021800
897.523000	-0.981891
897.728000	-0.985671
897.934000	-1.774828
898.139000	-2.256434
898.344000	2.694668
898.549000	1.903465
898.755000	0.775387
898.960000	-1.007726
899.165000	-3.609933
899.370000	-0.685845
899.575000	4.060084
899.781000	1.116410
899.986000	-3.809125
900.191000	-2.015869
900.396000	-3.176199
900.602000	-1.031805
900.807000	1.307251
901.012000	1.484453
901.217000	0.135285
901.423000	-4.415405
901.628000	-3.584731
901.833000	-0.713720
902.038000	1.507037
902.244000	-3.791408
902.449000	-1.580466
902.654000	-1.770724
902.859000	-2.632548
903.064000	-1.601023
903.270000	1.012970
903.475000	-2.481932
903.680000	-5.622300
903.885000	-3.379151
904.091000	-1.273702
904.296000	-4.830891
904.501000	-4.315128
904.706000	-1.109086
904.912000	1.229549
905.117000	-1.307330
905.322000	-1.684039
905.527000	-1.494030
905.733000	-0.765738
905.938000	-4.439720
906.143000	-4.864399
906.348000	-9.142002
906.553000	-3.780348
906.759000	1.271797
906.964000	-0.977378
907.169000	-3.818124
907.374000	-4.941156
907.580000	-4.398676
907.785000	-1.388630
907.990000	33.077049
908.195000	22.411154
908.401000	1.910449
908.606000	-0.823263
908.811000	-2.584826
909.016000	3.285423
909.221000	1.726385
909.427000	-2.998915
909.632000	-7.403893
909.837000	-5.250909
910.042000	-5.869110
910.248000	-6.100245
910.453000	-4.708846
910.658000	-3.722168
910.863000	-3.513986
911.069000	-8.652943
911.274000	-4.998553
911.479000	2.867957
911.684000	-5.024861
911.890000	-5.479595
912.095000	-4.858143
912.300000	-8.267121
912.506000	-8.060466
912.711000	-3.674545
912.917000	2.309333
913.123000	5.521667
913.328000	-0.473749
913.534000	-1.999306
913.740000	10.898241
913.946000	2.155362
914.151000	-4.949621
914.357000	-2.950742
914.563000	0.836488
914.768000	-5.147079
914.974000	-8.340420
915.180000	-4.799377
915.385000	-2.772972
915.591000	-7.613126
915.797000	-0.276075
916.002000	4.353791
916.208000	-2.351534
916.414000	-1.911211
916.620000	-3.316736
916.825000	1.124662
917.031000	-2.860694
917.237000	-10.640385
917.442000	-5.282460
917.648000	1.151117
917.854000	-4.841087
918.059000	-5.115685
918.265000	-2.217234
918.471000	-1.259566
918.676000	-7.393305
918.882000	-5.717108
919.088000	-3.258793
919.294000	-11.742445
919.499000	-10.571122
919.705000	-1.561559
919.911000	-2.568905
920.116000	4.019114
920.322000	-3.372010
920.528000	-5.444629
920.733000	-8.905923
920.939000	-7.896726
921.145000	-5.791733
921.350000	-5.337531
921.556000	-2.717356
921.762000	-2.710534
921.968000	-2.984766
922.173000	-0.590222
922.379000	-4.926737
922.585000	1.035893
922.790000	1.310816
922.996000	-3.357606
923.202000	-4.512343
923.407000	-3.980022
923.613000	-1.740093
923.819000	-0.338122
924.024000	1.064112
924.230000	6.988545
924.436000	0.794021
924.642000	6.546019
924.847000	7.194109
925.053000	1.970515
925.259000	-1.508916
925.464000	4.030569
925.670000	-3.560370
925.876000	-6.846952
926.081000	-1.542890
926.287000	1.427280
926.493000	1.452456
926.698000	1.454878
926.904000	2.349679
927.110000	-1.878894
927.316000	-10.407939
927.521000	-1.291195
927.727000	-0.998560
927.933000	-1.943102
928.138000	-3.840256
928.344000	-12.482421
928.550000	-2.933879
928.755000	3.806231
928.961000	-8.112435
929.167000	-6.218583
929.372000	0.910475
929.578000	2.559675
929.784000	-8.330251
929.990000	-13.017789
930.195000	-5.394037
930.401000	-7.111402
930.607000	-3.093519
930.812000	-0.067908
931.018000	-6.887121
931.224000	-11.816583
931.429000	-9.093264
931.635000	-9.073593
931.841000	-13.708578
932.046000	-10.242826
932.252000	-3.244797
932.458000	5.622955
932.664000	3.167024
932.869000	-7.997893
933.075000	-11.316830
933.281000	-10.742131
933.486000	-3.056433
933.692000	1.797196
933.898000	-0.074340
934.103000	0.679664
934.309000	-0.462629
934.515000	-2.429545
934.720000	-5.976770
934.926000	-5.233883
935.132000	-1.269842
935.338000	4.332150
935.543000	-4.557052
935.749000	-11.992323
935.955000	-12.872673
936.160000	-6.343958
936.366000	6.636882
936.572000	2.912671
936.777000	0.349681
936.983000	2.103011
937.189000	2.119502
937.394000	-6.802466
937.600000	0.359687
937.806000	7.155554
938.012000	-10.212762
938.217000	1.761151
938.423000	-1.493653
938.629000	-7.095882
938.834000	-13.729178
939.040000	-9.703157
939.246000	-3.928611
939.451000	-1.552444
939.657000	-4.017468
939.863000	-15.998961
940.068000	-11.639036
940.274000	-8.182829
940.480000	-8.803521
940.686000	-0.625418
940.891000	-5.271345
941.097000	15.131896
941.303000	14.132264
941.508000	2.545959
941.714000	-1.706537
941.920000	-11.453968
942.125000	-0.651634
942.331000	-3.928011
942.537000	2.616692
942.742000	13.106249
942.948000	0.991372
943.154000	-1.760291
943.360000	-23.301927
943.565000	-20.334993
943.771000	-2.381754
943.977000	6.645870
944.182000	-11.357342
944.388000	-15.359441
944.594000	-0.686684
944.799000	12.601305
945.005000	6.706684
945.211000	15.847373
945.416000	3.936141
945.622000	-20.427037
945.828000	-12.435385
946.034000	2.265428
946.239000	-4.915845
946.445000	-10.152185
946.651000	-19.503995
946.856000	-11.308194
947.062000	4.019221
947.268000	9.999461
947.473000	-12.072011
947.679000	-17.556880
947.885000	4.101282
948.090000	13.228983
948.296000	28.263115
948.502000	5.960481
948.708000	-5.030886
948.913000	-7.573881
949.119000	6.081706
949.325000	-2.608099
949.530000	-24.979594
949.736000	-29.847537
949.942000	-8.142009
950.147000	-13.171732
950.353000	-13.059909
950.559000	-8.136934
950.764000	23.518657
950.970000	19.920440
951.176000	2.408052
951.382000	-7.801140
951.587000	-3.387794
951.793000	9.705921
951.999000	9.567929
952.204000	-7.964180
952.410000	-17.597981
952.616000	-3.980076
952.821000	-6.590363
953.027000	-14.368661
953.233000	-20.556733
953.438000	-15.395904
953.644000	-4.776026
953.850000	-3.451656
954.056000	-10.867017
954.261000	-2.159911
954.467000	-1.488418
954.673000	0.540111
954.878000	-7.587533
955.084000	0.542636
955.290000	-11.032688
955.495000	-11.064936
955.701000	-13.760193
955.907000	8.879045
956.112000	-2.219989
956.318000	8.800992
956.524000	10.293379
956.730000	-0.847726
956.935000	-16.438944
957.141000	-7.882121
957.347000	7.712526
957.552000	-2.282804
957.758000	-25.128089
957.964000	-28.267851
958.169000	4.202764
958.375000	-3.779667
958.581000	-24.249594
958.786000	-26.214455
958.992000	-24.743110
959.198000	8.064539
959.404000	2.083384
959.609000	-8.985741
959.815000	-32.447101
960.021000	2.121512
960.226000	9.784200
960.432000	-21.410819
960.638000	-19.907118
960.843000	1.394658
961.049000	-7.276445
961.255000	-2.508495
961.460000	-13.580232
961.666000	-31.990757
961.872000	-12.224166
962.078000	-3.413964
962.283000	-21.033446
962.489000	-15.884108
962.695000	-13.251373
962.900000	-22.885636
963.106000	-19.031614
963.312000	-12.631004
963.517000	-26.106025
963.723000	-37.421852
963.929000	-0.168528
964.134000	20.015604
964.340000	-15.477262
964.546000	-7.142509
964.752000	-19.148086
964.957000	-14.963329
965.163000	10.347157
965.369000	3.375873
965.574000	2.513184
965.780000	-10.061128
966.000000	-20.857889
966.220000	-13.747257
966.440000	-8.364737
966.661000	12.622987
966.881000	-7.523669
967.101000	-33.442067
967.321000	-50.732315
967.541000	-22.495917
967.761000	-23.696690
967.981000	7.329671
968.202000	-9.811105
968.422000	5.601267
968.642000	17.137212
968.862000	17.495376
969.082000	13.663391
969.302000	16.152902
969.522000	5.828003
969.743000	9.589163
969.963000	-6.200379
970.183000	-18.565436
970.403000	-23.825585
970.623000	-7.231496
970.843000	9.091791
971.063000	18.674039
971.284000	-6.543956
971.504000	-17.536678
971.724000	-0.214437
971.944000	-23.638960
972.164000	-23.867913
972.384000	-8.847577
972.604000	-23.201541
972.825000	-38.457173
973.045000	-27.508508
973.265000	32.066739
973.485000	19.051882
973.705000	10.035510
973.925000	13.660278
974.145000	-50.487947
974.365000	-6.165410
974.586000	5.724500
974.806000	-23.723906
975.026000	26.102687
975.246000	5.850149
975.466000	-18.398583
975.686000	-2.621773
975.906000	-33.639646
976.127000	-56.204288
976.347000	-32.583766
976.567000	-1.493927
976.787000	-15.235137
977.007000	-33.693359
977.227000	-4.330473
977.447000	-16.154822
977.668000	-31.536266
977.888000	-31.875209
978.108000	-36.893936
978.328000	-12.369978
978.548000	18.275716
978.768000	3.777237
978.988000	5.355367
979.209000	6.733957
979.429000	-7.337099
979.649000	2.482820
979.869000	-12.805068
980.089000	-18.519133
980.309000	-14.799623
980.529000	-22.264381
980.750000	-6.188964
980.970000	-26.980404
981.190000	-9.092533
981.410000	-8.078384
981.630000	-30.286769
981.850000	-16.277665
982.070000	-27.306387
982.291000	-52.796518
982.511000	-53.187005
982.731000	-1.937559
982.951000	-44.148865
983.171000	-66.925656
983.391000	-29.423134
983.611000	-21.623569
983.832000	-27.115163
984.052000	-51.244193
984.272000	1.378319
984.492000	23.447134
984.712000	1.366750
984.932000	-23.261691
985.152000	-36.646018
985.373000	-50.267522
985.593000	-21.589612
985.813000	-42.585851
986.033000	-58.224219
986.253000	7.091123
986.473000	58.202251
986.693000	10.597065
986.914000	-13.768180
987.134000	5.353966
987.354000	-31.513742
987.574000	206.456944
987.794000	101.417250
988.014000	-118.970008
988.234000	-39.266556
988.455000	-23.135059
988.675000	-2.491166
988.895000	-11.171591
989.115000	-30.882487
989.335000	12.265852
989.555000	31.242749
989.775000	-49.228700
989.995000	-48.136932
990.216000	-0.425017
990.436000	1.729824
990.656000	49.854814
990.876000	43.069888
991.096000	13.237045
991.316000	47.028877
991.536000	4.282326
991.757000	-46.030312
991.977000	-84.877642
992.197000	28.505827
992.417000	39.797027
992.637000	-75.683879
992.857000	-87.239111
993.077000	-43.234385
993.298000	7.199581
993.518000	-27.735632
993.738000	-87.002459
993.958000	-58.167239
994.178000	-39.228000
994.398000	-55.286894
994.618000	-115.957747
994.839000	-168.196627
995.059000	-20.372425
995.279000	102.704918
995.499000	34.087111
995.719000	-20.039318
995.939000	-3.347016
996.159000	55.999757
996.380000	39.839363
996.600000	-15.044965
996.820000	23.279195
997.040000	72.253375
997.260000	18.475794
997.480000	-38.554522
997.700000	-129.843711
997.921000	-86.624661
998.141000	17.768496
998.361000	2.475139
998.581000	-15.964196
998.801000	-7.303342
999.021000	-23.326472
999.241000	-58.669777
999.462000	-86.644516
999.682000	-137.451345
999.902000	-96.479908
1000.122000	-60.507561
1000.342000	-99.134784
1000.562000	-28.330071
1000.782000	-9.580214
1001.003000	-1077.460806
