Wavelength	Irradiance
(nm)	(mW/cm2/nm)

294.396000	0.000000
294.577000	0.000000
294.757000	0.000000
294.938000	0.000000
295.118000	-0.000000
295.299000	0.000000
295.479000	0.000000
295.660000	-0.000000
295.840000	-0.000000
296.021000	-0.000000
296.202000	-0.000000
296.382000	-0.000000
296.563000	-0.000000
296.743000	-0.000000
296.924000	0.000000
297.104000	0.000000
297.285000	-0.000000
297.465000	-0.000000
297.646000	-0.000000
297.826000	0.000000
298.007000	0.000000
298.187000	-0.000000
298.368000	-0.000000
298.548000	0.000000
298.729000	0.000000
298.909000	-0.000000
299.090000	-0.000000
299.270000	-0.000000
299.451000	-0.000000
299.631000	-0.000000
299.812000	-0.000000
299.992000	0.000000
300.173000	0.000000
300.353000	-0.000000
300.534000	0.000000
300.714000	0.000000
300.895000	0.000000
301.075000	-0.000000
301.256000	0.000000
301.436000	0.000000
301.617000	-0.000000
301.797000	-0.000000
301.978000	0.000000
302.159000	0.000000
302.339000	0.000000
302.520000	-0.000000
302.700000	-0.000000
302.881000	0.000000
303.061000	0.000000
303.242000	0.000000
303.422000	0.000000
303.603000	-0.000000
303.783000	-0.000000
303.964000	-0.000000
304.144000	-0.000000
304.325000	-0.000000
304.505000	-0.000000
304.686000	-0.000000
304.866000	0.000000
305.047000	0.000000
305.227000	-0.000000
305.408000	-0.000000
305.588000	-0.000000
305.769000	-0.000000
305.949000	-0.000000
306.130000	-0.000000
306.310000	-0.000000
306.491000	-0.000000
306.671000	0.000000
306.852000	-0.000000
307.032000	-0.000000
307.213000	0.000000
307.393000	-0.000000
307.574000	-0.000000
307.755000	0.000000
307.935000	0.000000
308.116000	-0.000000
308.296000	-0.000000
308.477000	0.000000
308.657000	0.000000
308.838000	0.000000
309.018000	0.000000
309.199000	-0.000000
309.379000	-0.000000
309.560000	0.000000
309.740000	-0.000000
309.921000	0.000000
310.101000	0.000000
310.282000	-0.000000
310.462000	-0.000000
310.643000	-0.000000
310.823000	-0.000000
311.004000	-0.000000
311.184000	-0.000000
311.365000	0.000000
311.545000	0.000000
311.726000	0.000000
311.906000	0.000000
312.087000	0.000000
312.267000	-0.000000
312.448000	-0.000000
312.628000	-0.000000
312.809000	-0.000000
312.989000	-0.000000
313.170000	-0.000000
313.344000	-0.000000
313.518000	-0.000000
313.691000	-0.000000
313.865000	-0.000000
314.039000	-0.000000
314.213000	-0.000000
314.387000	-0.000000
314.560000	-0.000000
314.734000	-0.000000
314.908000	-0.000000
315.082000	-0.000000
315.255000	0.000000
315.429000	0.000000
315.603000	0.000000
315.777000	-0.000000
315.951000	0.000000
316.124000	-0.000000
316.298000	-0.000000
316.472000	-0.000000
316.646000	-0.000000
316.820000	-0.000000
316.993000	0.000000
317.167000	-0.000000
317.341000	-0.000000
317.515000	-0.000000
317.688000	-0.000000
317.862000	-0.000000
318.036000	-0.000000
318.210000	-0.000000
318.384000	-0.000000
318.557000	-0.000000
318.731000	-0.000000
318.905000	-0.000000
319.079000	0.000000
319.253000	0.000000
319.426000	0.000000
319.600000	0.000000
319.774000	-0.000000
319.948000	-0.000000
320.122000	0.000000
320.295000	-0.000000
320.469000	-0.000000
320.643000	-0.000000
320.817000	-0.000000
320.990000	-0.000000
321.164000	-0.000000
321.338000	-0.000000
321.512000	-0.000000
321.686000	-0.000000
321.859000	-0.000000
322.033000	0.000000
322.207000	-0.000000
322.381000	-0.000000
322.555000	0.000000
322.728000	0.000000
322.902000	-0.000000
323.076000	-0.000000
323.250000	-0.000000
323.423000	-0.000000
323.597000	-0.000000
323.771000	-0.000000
323.945000	-0.000000
324.119000	-0.000000
324.292000	0.000000
324.466000	-0.000000
324.640000	0.000000
324.814000	0.000000
324.988000	-0.000000
325.161000	-0.000000
325.335000	-0.000000
325.509000	-0.000000
325.683000	0.000000
325.856000	-0.000000
326.030000	-0.000000
326.204000	-0.000000
326.378000	-0.000000
326.552000	-0.000000
326.725000	-0.000000
326.899000	-0.000000
327.073000	-0.000000
327.247000	-0.000000
327.421000	0.000000
327.594000	0.000000
327.768000	-0.000000
327.942000	-0.000000
328.116000	0.000000
328.289000	0.000000
328.463000	0.000000
328.637000	0.000000
328.811000	-0.000000
328.985000	-0.000000
329.158000	-0.000000
329.332000	-0.000000
329.506000	0.000000
329.680000	-0.000000
329.854000	-0.000000
330.027000	-0.000000
330.201000	0.000000
330.375000	0.000000
330.549000	0.000000
330.723000	-0.000000
330.896000	-0.000000
331.070000	-0.000000
331.244000	-0.000000
331.418000	-0.000000
331.591000	0.000000
331.765000	-0.000000
331.939000	-0.000000
332.113000	-0.000000
332.287000	-0.000000
332.460000	0.000000
332.634000	0.000000
332.808000	-0.000000
332.982000	-0.000000
333.156000	-0.000000
333.329000	-0.000000
333.503000	-0.000000
333.677000	-0.000000
333.851000	-0.000000
334.024000	-0.000000
334.198000	-0.000000
334.372000	-0.000000
334.546000	-0.000000
334.720000	-0.000000
334.893000	-0.000000
335.067000	0.000000
335.241000	0.000000
335.415000	-0.000000
335.589000	-0.000000
335.762000	-0.000000
335.936000	-0.000000
336.110000	-0.000000
336.284000	-0.000000
336.458000	0.000000
336.631000	-0.000000
336.805000	-0.000000
336.979000	-0.000000
337.153000	-0.000000
337.326000	-0.000000
337.500000	-0.000000
337.674000	-0.000000
337.848000	-0.000000
338.022000	0.000000
338.195000	-0.000000
338.369000	-0.000000
338.543000	-0.000000
338.717000	-0.000000
338.891000	0.000000
339.064000	0.000000
339.238000	-0.000000
339.412000	-0.000000
339.586000	-0.000000
339.759000	-0.000000
339.933000	-0.000000
340.107000	0.000000
340.281000	0.000000
340.455000	-0.000000
340.628000	-0.000000
340.802000	-0.000000
340.976000	-0.000000
341.150000	-0.000000
341.324000	-0.000000
341.497000	-0.000000
341.671000	-0.000000
341.845000	-0.000000
342.019000	-0.000000
342.192000	-0.000000
342.366000	-0.000000
342.540000	-0.000000
342.714000	-0.000000
342.888000	-0.000000
343.061000	-0.000000
343.235000	-0.000000
343.409000	-0.000000
343.583000	-0.000000
343.757000	-0.000000
343.930000	-0.000000
344.104000	-0.000000
344.278000	0.000000
344.452000	0.000000
344.626000	-0.000000
344.799000	-0.000000
344.973000	-0.000000
345.147000	-0.000000
345.321000	-0.000000
345.494000	-0.000000
345.668000	0.000000
345.842000	0.000000
346.016000	-0.000000
346.190000	0.000000
346.363000	0.000000
346.537000	-0.000000
346.711000	-0.000000
346.885000	-0.000000
347.059000	-0.000000
347.232000	-0.000000
347.406000	0.000000
347.580000	-0.000000
347.754000	-0.000000
347.927000	0.000000
348.101000	0.000000
348.275000	-0.000000
348.449000	-0.000000
348.623000	-0.000000
348.796000	-0.000000
348.970000	0.000000
349.144000	0.000000
349.318000	-0.000000
349.492000	-0.000000
349.665000	-0.000000
349.839000	-0.000000
350.013000	-0.000000
350.187000	-0.000000
350.361000	-0.000000
350.534000	0.000000
350.708000	-0.000000
350.882000	-0.000000
351.056000	0.000000
351.229000	0.000000
351.403000	-0.000000
351.577000	-0.000000
351.751000	-0.000000
351.925000	-0.000000
352.098000	-0.000000
352.272000	-0.000000
352.446000	-0.000000
352.620000	-0.000000
352.794000	-0.000000
352.967000	-0.000000
353.141000	0.000000
353.315000	0.000000
353.489000	-0.000000
353.662000	-0.000000
353.836000	-0.000000
354.010000	-0.000000
354.184000	-0.000000
354.358000	-0.000000
354.531000	-0.000000
354.705000	-0.000000
354.879000	-0.000000
355.053000	-0.000000
355.227000	0.000000
355.400000	-0.000000
355.574000	-0.000000
355.748000	0.000000
355.922000	-0.000000
356.095000	-0.000000
356.269000	-0.000000
356.443000	-0.000000
356.617000	-0.000000
356.791000	-0.000000
356.964000	-0.000000
357.138000	-0.000000
357.312000	-0.000000
357.486000	-0.000000
357.660000	-0.000000
357.833000	-0.000000
358.007000	-0.000000
358.181000	-0.000000
358.355000	-0.000000
358.529000	-0.000000
358.702000	-0.000000
358.876000	-0.000000
359.050000	-0.000000
359.224000	-0.000000
359.397000	0.000000
359.571000	0.000000
359.745000	-0.000000
359.919000	-0.000000
360.093000	-0.015660
360.266000	0.053478
360.440000	0.042634
360.614000	0.074206
360.788000	0.046519
360.962000	-0.116084
361.135000	-0.101642
361.309000	-0.187771
361.483000	-0.220984
361.657000	-0.162540
361.830000	-0.168201
362.004000	-0.048310
362.178000	-0.289205
362.352000	-0.141955
362.526000	-0.024954
362.699000	-0.046558
362.873000	-0.320798
363.047000	-0.280012
363.221000	-0.258009
363.395000	-0.153013
363.568000	-0.136080
363.742000	-0.130006
363.916000	-0.172175
364.090000	-0.260355
364.263000	-0.177412
364.437000	-0.248412
364.611000	-0.081277
364.785000	-0.104190
364.959000	-0.180753
365.132000	-0.133112
365.306000	-0.202585
365.480000	-0.099984
365.656000	-0.133366
365.831000	-0.105433
366.007000	-0.180880
366.183000	-0.169360
366.358000	-0.207345
366.534000	-0.085851
366.710000	-0.262032
366.886000	-0.246185
367.061000	-0.048634
367.237000	0.102940
367.413000	-0.042885
367.588000	-0.260150
367.764000	-0.226585
367.940000	-0.229041
368.115000	-0.219071
368.291000	-0.249943
368.467000	-0.123694
368.643000	0.198776
368.818000	-0.160716
368.994000	-0.286167
369.170000	-0.164928
369.345000	-0.114650
369.521000	-0.185752
369.697000	-0.139353
369.872000	-0.173655
370.048000	-0.228778
370.224000	-0.195999
370.399000	-0.393347
370.575000	-0.266511
370.751000	-0.336476
370.927000	-0.325605
371.102000	-0.279514
371.278000	-0.245398
371.454000	-0.151490
371.629000	-0.004780
371.805000	-0.063986
371.981000	0.143019
372.156000	0.301308
372.332000	0.061054
372.508000	-0.087927
372.683000	-0.040852
372.859000	-0.060279
373.035000	-0.131523
373.211000	0.063075
373.386000	-0.041628
373.562000	-0.282604
373.738000	-0.397675
373.913000	-0.521066
374.089000	-0.356984
374.265000	0.021255
374.440000	0.000975
374.616000	-0.036959
374.792000	-0.158014
374.968000	0.244471
375.143000	0.001908
375.319000	-0.253245
375.495000	-0.303199
375.670000	-0.142572
375.846000	-0.089149
376.022000	-0.222782
376.197000	-0.134490
376.373000	-0.289066
376.549000	-0.334204
376.724000	-0.405508
376.900000	-0.256530
377.076000	-0.127283
377.252000	-0.000924
377.427000	0.085569
377.603000	-0.163827
377.779000	-0.124329
377.954000	-0.285690
378.130000	-0.188774
378.306000	-0.119596
378.481000	-0.099564
378.657000	-0.193485
378.833000	-0.231977
379.009000	-0.067479
379.184000	0.083034
379.360000	-0.049014
379.536000	-0.085786
379.711000	-0.107119
379.887000	-0.169992
380.063000	-0.236571
380.238000	-0.287558
380.414000	-0.000925
380.590000	-0.216752
380.765000	-0.260787
380.941000	-0.135384
381.117000	-0.042095
381.293000	-0.070299
381.468000	-0.226603
381.644000	-0.198830
381.820000	-0.084370
381.995000	0.053711
382.171000	0.156311
382.347000	0.024162
382.522000	-0.273529
382.698000	0.124123
382.874000	0.124856
383.050000	-0.244899
383.225000	0.122714
383.401000	0.305477
383.577000	-0.084836
383.752000	-0.232227
383.928000	-0.135010
384.104000	-0.039274
384.279000	-0.152541
384.455000	-0.110037
384.631000	-0.126591
384.806000	-0.301940
384.982000	-0.197859
385.158000	-0.204165
385.334000	-0.003622
385.509000	-0.089118
385.685000	-0.352848
385.861000	-0.215241
386.036000	-0.331622
386.212000	-0.453229
386.388000	-0.293595
386.563000	-0.220905
386.739000	-0.257867
386.915000	-0.442026
387.090000	-0.223757
387.266000	-0.070366
387.442000	0.054779
387.618000	-0.017210
387.793000	-0.278635
387.969000	-0.417282
388.145000	-0.336875
388.320000	-0.269668
388.496000	-0.264837
388.672000	-0.470515
388.847000	-0.074817
389.023000	-0.046268
389.199000	-0.316447
389.375000	-0.184284
389.550000	-0.250689
389.726000	-0.093911
389.902000	-0.312087
390.077000	-0.225504
390.253000	-0.133142
390.429000	-0.151116
390.604000	-0.112328
390.780000	-0.106405
390.956000	-0.204067
391.131000	-0.204562
391.307000	-0.010634
391.483000	-0.169195
391.659000	-0.264844
391.834000	-0.041591
392.010000	-0.207675
392.186000	-0.273356
392.361000	-0.179971
392.537000	-0.277457
392.713000	0.089773
392.888000	0.117839
393.064000	-0.083221
393.240000	-0.166895
393.416000	-0.282237
393.591000	-0.339381
393.767000	-0.363273
393.943000	-0.249540
394.118000	-0.105121
394.294000	0.033582
394.470000	-0.001718
394.645000	0.128420
394.821000	0.160165
394.997000	-0.112957
395.172000	-0.088527
395.348000	-0.161197
395.524000	-0.410865
395.700000	-0.315127
395.875000	-0.081117
396.051000	-0.093670
396.227000	-0.168332
396.402000	-0.225634
396.578000	-0.111676
396.754000	-0.250120
396.929000	-0.240562
397.105000	-0.031184
397.281000	-0.096051
397.457000	-0.141976
397.632000	-0.167080
397.808000	-0.400702
397.984000	-0.497513
398.159000	-0.401735
398.335000	-0.273382
398.511000	0.106305
398.686000	-0.060204
398.862000	-0.249988
399.038000	-0.346265
399.213000	-0.170668
399.389000	-0.409441
399.565000	-0.131680
399.741000	0.040535
399.916000	-0.061808
400.092000	0.239374
400.268000	-0.067594
400.443000	-0.236064
400.619000	0.004996
400.795000	-0.031755
400.970000	-0.155024
401.146000	-0.242552
401.322000	-0.021669
401.497000	0.388920
401.673000	0.128913
401.849000	-0.182717
402.025000	-0.071448
402.200000	-0.154935
402.376000	-0.194619
402.552000	0.115591
402.727000	-0.058767
402.903000	-0.298997
403.079000	-0.174394
403.254000	-0.030607
403.430000	-0.023829
403.606000	-0.055145
403.782000	-0.063296
403.957000	-0.267094
404.133000	-0.421512
404.309000	-0.237131
404.484000	-0.025522
404.660000	-0.062745
404.841000	-0.190002
405.023000	0.032042
405.204000	-0.011536
405.385000	-0.298002
405.566000	-0.309022
405.748000	-0.174025
405.929000	0.041840
406.110000	-0.038876
406.292000	-0.154768
406.473000	-0.051717
406.654000	-0.219268
406.835000	-0.146779
407.017000	-0.199621
407.198000	-0.136470
407.379000	-0.103690
407.560000	-0.156022
407.742000	-0.200636
407.923000	-0.116109
408.104000	-0.239310
408.286000	-0.143950
408.467000	-0.127276
408.648000	-0.290529
408.829000	-0.316419
409.011000	-0.226179
409.192000	-0.366412
409.373000	-0.141620
409.555000	-0.043394
409.736000	-0.076447
409.917000	-0.197541
410.098000	-0.150013
410.280000	-0.039446
410.461000	-0.089198
410.642000	-0.121565
410.823000	0.126349
411.005000	0.092667
411.186000	-0.133852
411.367000	-0.216285
411.549000	-0.243548
411.730000	-0.001612
411.911000	0.080486
412.092000	-0.117160
412.274000	-0.148133
412.455000	-0.064643
412.636000	-0.042336
412.818000	-0.226752
412.999000	-0.296339
413.180000	-0.196368
413.361000	-0.201089
413.543000	-0.236525
413.724000	-0.304795
413.905000	-0.290554
414.087000	-0.310996
414.268000	-0.312295
414.449000	-0.290867
414.630000	-0.360657
414.812000	-0.459949
414.993000	-0.181931
415.174000	-0.014843
415.355000	-0.174496
415.537000	-0.402225
415.718000	-0.169202
415.899000	-0.246799
416.081000	-0.311897
416.262000	-0.142044
416.443000	-0.264020
416.624000	-0.219379
416.806000	-0.106805
416.987000	-0.014776
417.168000	-0.130637
417.350000	-0.278988
417.531000	-0.288065
417.712000	-0.243492
417.893000	-0.094443
418.075000	0.001530
418.256000	-0.199465
418.437000	-0.124012
418.618000	-0.060632
418.800000	0.000000
418.981000	-0.186807
419.162000	-0.178029
419.344000	-0.006863
419.525000	-0.075133
419.706000	-0.098241
419.887000	-0.058980
420.069000	0.013773
420.250000	0.000765
420.431000	-0.004579
420.613000	-0.099673
420.794000	-0.289600
420.975000	0.041813
421.156000	-0.131012
421.338000	-0.200925
421.519000	-0.187187
421.700000	-0.227427
421.882000	-0.206022
422.063000	-0.076117
422.244000	0.195390
422.425000	0.044853
422.607000	-0.182825
422.788000	-0.198799
422.969000	-0.271078
423.150000	-0.265311
423.332000	-0.307753
423.513000	-0.155888
423.694000	-0.149827
423.876000	-0.093739
424.057000	-0.010671
424.238000	0.000000
424.419000	-0.021485
424.601000	-0.137332
424.782000	-0.092740
424.963000	-0.001520
425.145000	-0.081551
425.326000	-0.002277
425.507000	0.052286
425.688000	-0.083017
425.870000	-0.217162
426.051000	-0.304530
426.232000	-0.249830
426.413000	-0.242898
426.595000	-0.251504
426.776000	-0.244553
426.957000	-0.172383
427.139000	-0.115449
427.320000	-0.123588
427.501000	-0.007659
427.682000	-0.001524
427.864000	-0.038084
428.045000	0.071044
428.226000	0.042932
428.408000	-0.201435
428.589000	-0.122025
428.770000	-0.111095
428.951000	-0.200544
429.133000	-0.320368
429.314000	-0.187565
429.495000	-0.184681
429.677000	-0.142972
429.858000	-0.148428
430.039000	-0.115243
430.220000	-0.062940
430.402000	0.029482
430.583000	-0.185638
430.764000	-0.206785
430.945000	-0.096788
431.127000	0.036037
431.308000	-0.089678
431.489000	-0.069134
431.671000	0.003773
431.852000	-0.016489
432.033000	-0.084702
432.214000	-0.051619
432.396000	-0.042529
432.577000	-0.157033
432.758000	-0.275912
432.940000	-0.233675
433.121000	-0.141403
433.302000	-0.087246
433.483000	0.088561
433.665000	0.123606
433.846000	0.017123
434.027000	-0.067322
434.208000	-0.140378
434.390000	-0.195030
434.571000	0.120183
434.752000	0.569235
434.934000	0.437222
435.115000	0.320843
435.296000	0.335419
435.477000	0.202710
435.659000	0.019551
435.840000	0.050116
436.026000	0.030415
436.211000	-0.075231
436.397000	-0.304829
436.582000	-0.235659
436.768000	-0.061206
436.953000	-0.140943
437.139000	-0.119110
437.325000	0.065009
437.510000	0.054285
437.696000	0.221552
437.881000	0.189907
438.067000	-0.142145
438.252000	-0.120312
438.438000	-0.132957
438.624000	-0.108209
438.809000	-0.056349
438.995000	0.006332
439.180000	-0.051901
439.366000	-0.088281
439.551000	-0.105655
439.737000	-0.074018
439.923000	-0.016082
440.108000	-0.084492
440.294000	-0.040376
440.479000	0.043701
440.665000	0.098551
440.850000	0.029470
441.036000	0.005495
441.222000	-0.060703
441.407000	-0.156053
441.593000	-0.016428
441.778000	0.028000
441.964000	0.102189
442.149000	-0.153726
442.335000	-0.167908
442.521000	-0.082164
442.706000	0.018936
442.892000	-0.020920
443.077000	-0.056876
443.263000	-0.000674
443.448000	-0.055042
443.634000	-0.080606
443.820000	0.218253
444.005000	0.055362
444.191000	-0.157073
444.376000	-0.103114
444.562000	0.210916
444.747000	0.158847
444.933000	0.013917
445.119000	-0.054875
445.304000	-0.101627
445.490000	0.036970
445.675000	0.030354
445.861000	-0.109169
446.046000	-0.093747
446.232000	-0.034942
446.418000	0.028976
446.603000	0.028314
446.789000	0.025653
446.974000	-0.028369
447.160000	-0.199184
447.345000	-0.111167
447.531000	-0.153538
447.717000	-0.038126
447.902000	0.023103
448.088000	0.120746
448.273000	0.025461
448.459000	-0.031900
448.644000	-0.072953
448.830000	-0.138606
449.016000	-0.195977
449.201000	-0.132424
449.387000	-0.048381
449.572000	0.041718
449.758000	-0.031919
449.943000	-0.125251
450.129000	-0.163086
450.315000	-0.155646
450.500000	-0.154483
450.686000	-0.099493
450.871000	-0.203082
451.057000	-0.044186
451.243000	-0.048678
451.428000	-0.083189
451.614000	-0.069376
451.799000	-0.113398
451.985000	0.081611
452.170000	0.076356
452.356000	-0.113159
452.542000	-0.084809
452.727000	0.062600
452.913000	-0.042664
453.098000	0.073039
453.284000	0.226786
453.469000	0.104147
453.655000	0.113653
453.841000	0.056093
454.026000	-0.043009
454.212000	0.007681
454.397000	-0.008973
454.583000	-0.165512
454.768000	-0.216693
454.954000	-0.012783
455.140000	0.038283
455.325000	-0.112040
455.511000	-0.194463
455.696000	-0.175929
455.882000	-0.072129
456.067000	0.037678
456.253000	-0.077278
456.439000	-0.148146
456.624000	-0.161025
456.810000	-0.152331
456.995000	-0.110589
457.181000	-0.195238
457.366000	-0.076310
457.552000	-0.054015
457.738000	0.074658
457.923000	0.080445
458.109000	0.090776
458.294000	0.041564
458.480000	0.068728
458.665000	0.041491
458.851000	-0.107939
459.037000	-0.249973
459.222000	-0.075434
459.408000	-0.066708
459.593000	-0.056459
459.779000	0.025974
459.964000	0.183381
460.150000	0.348172
460.336000	0.197159
460.521000	0.035095
460.707000	-0.035628
460.892000	-0.123843
461.078000	0.034413
461.263000	0.095436
461.449000	-0.039907
461.635000	-0.012879
461.820000	-0.019586
462.006000	0.042663
462.191000	0.057079
462.377000	-0.093843
462.562000	0.054056
462.748000	0.166604
462.934000	-0.102507
463.119000	-0.184144
463.305000	-0.016833
463.490000	-0.084953
463.676000	-0.011396
463.861000	-0.032530
464.047000	-0.070859
464.233000	-0.026845
464.418000	-0.035755
464.604000	-0.110002
464.789000	-0.006545
464.975000	0.039741
465.160000	-0.034461
465.346000	-0.017221
465.532000	-0.125478
465.717000	-0.150210
465.903000	0.094250
466.088000	0.047363
466.274000	-0.130174
466.459000	-0.144477
466.645000	0.175975
466.831000	0.151398
467.016000	0.099595
467.202000	0.004708
467.387000	-0.039317
467.573000	-0.153127
467.758000	0.055871
467.944000	-0.030249
468.130000	-0.116945
468.315000	0.018721
468.501000	0.110762
468.686000	0.002326
468.872000	0.037231
469.057000	0.114572
469.243000	0.002330
469.429000	-0.054705
469.614000	-0.114372
469.800000	-0.150372
469.985000	-0.021994
470.171000	0.042093
470.356000	-0.046301
470.542000	0.034278
470.728000	0.008685
470.913000	-0.052425
471.099000	0.070812
471.284000	0.003479
471.470000	-0.077226
471.655000	-0.055750
471.841000	-0.030681
472.027000	-0.084066
472.212000	0.033425
472.398000	0.067647
472.583000	0.005209
472.769000	0.021455
472.954000	0.007527
473.140000	-0.120488
473.326000	-0.149504
473.511000	0.135375
473.697000	0.138995
473.882000	-0.011003
474.068000	-0.069047
474.253000	-0.128258
474.439000	-0.070596
474.625000	-0.038699
474.810000	-0.005780
474.996000	0.024276
475.181000	-0.133603
475.367000	-0.011529
475.552000	0.218567
475.738000	-0.050155
475.924000	-0.116135
476.109000	-0.018482
476.295000	-0.082056
476.480000	-0.024295
476.666000	-0.058913
476.851000	-0.061191
477.037000	-0.006963
477.223000	-0.072251
477.408000	-0.158997
477.594000	-0.225851
477.779000	-0.096661
477.965000	-0.086852
478.151000	-0.193929
478.336000	-0.084596
478.522000	-0.117921
478.707000	-0.142184
478.893000	-0.075872
479.078000	-0.213665
479.264000	-0.191651
479.450000	-0.113875
479.635000	-0.030171
479.821000	-0.112757
480.006000	-0.041236
480.192000	-0.029012
480.377000	-0.026749
480.563000	-0.046474
480.749000	-0.200549
480.934000	-0.172462
481.120000	-0.075790
481.305000	-0.023110
481.491000	0.001740
481.676000	0.068607
481.862000	0.041376
482.048000	-0.107228
482.233000	-0.048629
482.419000	-0.045258
482.604000	-0.115584
482.790000	-0.122557
482.975000	-0.070928
483.161000	0.078831
483.347000	0.042246
483.532000	-0.012734
483.718000	-0.181771
483.903000	-0.125616
484.089000	-0.094565
484.274000	-0.178984
484.460000	-0.046432
484.646000	0.002902
484.831000	-0.103394
485.017000	-0.056167
485.202000	-0.031209
485.388000	0.190596
485.573000	0.174657
485.759000	-0.011558
485.945000	0.141611
486.130000	-0.015017
486.316000	-0.052001
486.501000	0.014407
486.687000	-0.090346
486.872000	-0.135353
487.058000	-0.007493
487.244000	0.011534
487.429000	-0.131109
487.615000	0.015529
487.800000	0.094308
487.986000	-0.004010
488.171000	0.084405
488.357000	0.031473
488.543000	0.001710
488.728000	0.030799
488.914000	0.010273
489.099000	-0.049622
489.285000	-0.061556
489.470000	0.098357
489.656000	0.121758
489.842000	0.096352
490.027000	0.150307
490.213000	0.003396
490.398000	-0.231505
490.584000	0.032230
490.769000	0.019225
490.955000	0.028787
491.141000	0.054632
491.326000	0.043777
491.512000	0.130148
491.697000	0.054304
491.883000	-0.049846
492.068000	-0.091302
492.254000	-0.076875
492.440000	-0.016824
492.625000	-0.059268
492.811000	-0.078120
492.996000	0.014488
493.182000	0.017219
493.367000	-0.150401
493.553000	-0.206719
493.739000	-0.121842
493.924000	-0.028964
494.110000	-0.017212
494.295000	-0.109601
494.481000	-0.023832
494.666000	-0.011647
494.852000	0.130127
495.038000	0.001658
495.223000	-0.106257
495.409000	-0.073432
495.594000	-0.095122
495.780000	-0.044128
495.965000	-0.124235
496.151000	0.037501
496.337000	0.116255
496.522000	-0.065312
496.708000	-0.047923
496.893000	0.067198
497.079000	-0.048348
497.264000	-0.075674
497.450000	-0.036755
497.636000	0.034043
497.821000	-0.096934
498.007000	0.103508
498.192000	0.124232
498.378000	-0.008780
498.563000	-0.048304
498.749000	-0.009341
498.935000	-0.026335
499.120000	0.012588
499.306000	-0.120580
499.491000	-0.117521
499.677000	-0.042076
499.862000	0.004937
500.048000	0.071982
500.234000	-0.016991
500.419000	-0.065342
500.605000	0.052760
500.790000	-0.002196
500.976000	-0.116569
501.161000	-0.187999
501.347000	-0.062114
501.533000	0.044003
501.718000	-0.024187
501.904000	-0.082649
502.089000	-0.016554
502.275000	0.060542
502.460000	-0.027987
502.646000	-0.038457
502.832000	-0.004947
503.017000	0.005508
503.203000	-0.146717
503.388000	-0.184666
503.574000	-0.024264
503.759000	0.022603
503.945000	0.088358
504.131000	-0.011045
504.316000	-0.070091
504.502000	-0.033126
504.687000	-0.047608
504.873000	-0.147889
505.058000	-0.181100
505.244000	-0.185486
505.430000	-0.119822
505.615000	-0.072762
505.801000	-0.035056
505.986000	-0.147853
506.172000	-0.072586
506.358000	-0.055535
506.543000	-0.077152
506.729000	0.099414
506.914000	0.061783
507.100000	0.035745
507.285000	-0.114688
507.471000	-0.123501
507.657000	0.084932
507.842000	-0.060263
508.028000	-0.192079
508.213000	-0.140501
508.399000	-0.085260
508.584000	-0.001684
508.770000	-0.089118
508.956000	-0.120039
509.141000	-0.062768
509.327000	-0.027518
509.512000	-0.068802
509.698000	-0.056582
509.883000	0.017977
510.069000	-0.070975
510.255000	-0.093548
510.440000	-0.031033
510.626000	-0.073877
510.811000	-0.131589
510.997000	-0.050274
511.182000	0.183367
511.368000	0.087547
511.554000	-0.219279
511.739000	-0.167741
511.925000	0.015259
512.110000	0.017503
512.296000	0.046980
512.481000	0.028267
512.667000	0.010187
512.853000	-0.134152
513.038000	-0.086159
513.224000	-0.096953
513.409000	-0.169508
513.595000	-0.057919
513.780000	-0.196369
513.966000	-0.139844
514.152000	-0.123440
514.337000	-0.175039
514.523000	-0.143896
514.708000	-0.086766
514.894000	-0.035826
515.079000	-0.139912
515.265000	-0.123909
515.451000	-0.102353
515.636000	-0.169895
515.822000	-0.065995
516.007000	-0.170702
516.193000	-0.065940
516.378000	0.019930
516.564000	-0.052311
516.750000	-0.061429
516.935000	-0.013089
517.121000	0.031293
517.306000	0.125288
517.492000	0.049050
517.677000	-0.173189
517.863000	-0.170372
518.049000	-0.039329
518.234000	-0.123024
518.420000	-0.078696
518.605000	0.118004
518.791000	0.123643
518.976000	-0.027458
519.162000	-0.129616
519.348000	-0.012565
519.533000	-0.038779
519.719000	0.030256
519.904000	-0.018288
520.090000	0.016540
520.275000	0.183204
520.461000	0.081204
520.647000	-0.092624
520.832000	-0.224734
521.018000	-0.121224
521.203000	-0.080932
521.389000	-0.222685
521.574000	-0.157921
521.760000	-0.017697
521.946000	-0.046381
522.131000	-0.120350
522.317000	-0.089837
522.502000	-0.124689
522.688000	-0.064661
522.873000	-0.095078
523.059000	-0.093999
523.245000	-0.069861
523.430000	-0.184621
523.616000	-0.142153
523.801000	-0.196866
523.987000	-0.137996
524.172000	-0.069566
524.358000	-0.022432
524.544000	-0.039622
524.729000	0.051543
524.915000	0.046500
525.100000	-0.072305
525.286000	-0.005172
525.471000	0.009221
525.657000	-0.015000
525.843000	-0.196960
526.028000	-0.031212
526.214000	-0.078001
526.399000	-0.197015
526.585000	-0.227193
526.770000	-0.228904
526.956000	-0.111543
527.142000	-0.187033
527.327000	-0.076179
527.513000	-0.144977
527.698000	-0.152717
527.884000	-0.110567
528.069000	-0.149462
528.255000	-0.045014
528.441000	-0.103598
528.626000	-0.095110
528.812000	0.072155
528.997000	-0.035857
529.183000	-0.115749
529.368000	-0.089133
529.554000	-0.092920
529.740000	-0.076564
529.925000	-0.102107
530.111000	-0.107569
530.296000	-0.071422
530.482000	0.045345
530.667000	-0.013131
530.853000	-0.043113
531.039000	-0.097817
531.224000	-0.004223
531.410000	0.082630
531.595000	-0.041656
531.781000	0.004830
531.967000	-0.098361
532.152000	0.035326
532.338000	-0.054925
532.523000	-0.185876
532.709000	-0.181654
532.894000	-0.089424
533.080000	-0.059886
533.266000	-0.174849
533.451000	-0.204026
533.637000	-0.139985
533.822000	-0.028108
534.008000	-0.144164
534.193000	-0.105235
534.379000	0.001257
534.565000	-0.082054
534.750000	-0.127972
534.936000	0.083307
535.121000	-0.049731
535.307000	-0.051733
535.492000	-0.050537
535.678000	-0.193059
535.864000	-0.062085
536.049000	0.085859
536.235000	-0.085303
536.420000	-0.044482
536.606000	-0.087251
536.791000	-0.188736
536.977000	-0.181931
537.163000	0.048482
537.348000	0.055446
537.534000	0.019502
537.719000	-0.120678
537.905000	-0.185444
538.090000	0.039410
538.276000	0.062733
538.462000	0.009577
538.647000	0.071434
538.833000	0.007597
539.018000	0.058284
539.204000	0.013192
539.389000	-0.123739
539.575000	0.184015
539.761000	0.113210
539.946000	-0.137765
540.132000	0.022696
540.317000	-0.062592
540.503000	-0.006415
540.688000	0.048059
540.874000	0.289951
541.060000	0.430826
541.245000	0.252916
541.431000	0.106628
541.616000	0.176745
541.802000	0.160153
541.987000	0.200034
542.173000	0.202996
542.359000	0.165083
542.544000	0.292322
542.730000	0.125780
542.915000	0.108387
543.101000	0.284037
543.286000	0.139726
543.472000	0.055793
543.658000	0.114645
543.843000	0.127614
544.029000	0.315193
544.214000	0.177664
544.400000	-0.071296
544.585000	0.093264
544.771000	0.178084
544.957000	0.308539
545.142000	0.377666
545.328000	0.469720
545.513000	0.516211
545.699000	0.450484
545.884000	0.276587
546.070000	0.228556
546.261000	0.208675
546.451000	0.055409
546.642000	-0.150325
546.833000	-0.038611
547.023000	-0.139741
547.214000	-0.144958
547.405000	-0.005425
547.595000	0.265403
547.786000	0.243833
547.977000	0.020310
548.167000	-0.123525
548.358000	-0.077740
548.549000	0.254569
548.740000	0.079602
548.930000	-0.191585
549.121000	-0.079068
549.312000	-0.130168
549.502000	-0.218796
549.693000	-0.120837
549.884000	-0.016700
550.074000	0.090176
550.265000	-0.118388
550.456000	-0.039291
550.646000	0.042599
550.837000	0.024925
551.028000	-0.102250
551.218000	-0.053929
551.409000	-0.126923
551.600000	-0.037219
551.790000	0.016246
551.981000	-0.199006
552.172000	-0.145667
552.362000	0.145604
552.553000	0.144709
552.744000	-0.019608
552.934000	-0.026985
553.125000	-0.081099
553.316000	-0.134432
553.506000	0.085425
553.697000	-0.035452
553.888000	0.048557
554.079000	0.151552
554.269000	0.058538
554.460000	-0.177711
554.651000	-0.170447
554.841000	-0.324709
555.032000	-0.264645
555.223000	-0.123785
555.413000	0.040528
555.604000	-0.049006
555.795000	-0.137409
555.985000	-0.010848
556.176000	-0.075801
556.367000	-0.338948
556.557000	-0.234796
556.748000	-0.131441
556.939000	-0.172198
557.129000	-0.261419
557.320000	-0.130373
557.511000	-0.130130
557.701000	-0.099109
557.892000	-0.078602
558.083000	0.063481
558.273000	0.004177
558.464000	-0.167933
558.655000	-0.173631
558.845000	-0.101542
559.036000	-0.019157
559.227000	-0.021671
559.418000	-0.004175
559.608000	-0.021703
559.799000	-0.243435
559.990000	-0.237166
560.180000	-0.185165
560.371000	-0.306861
560.562000	-0.254081
560.752000	-0.072305
560.943000	-0.225329
561.134000	-0.396378
561.324000	-0.165648
561.515000	0.056216
561.706000	-0.092694
561.896000	-0.290691
562.087000	-0.169104
562.278000	-0.181407
562.468000	-0.344190
562.659000	-0.254350
562.850000	0.076601
563.040000	0.124374
563.231000	-0.287685
563.422000	-0.179931
563.612000	-0.261558
563.803000	-0.166665
563.994000	-0.232049
564.185000	-0.318940
564.375000	-0.089015
564.566000	-0.104404
564.757000	-0.157042
564.947000	-0.241818
565.138000	-0.078976
565.329000	-0.123507
565.519000	-0.303736
565.710000	-0.233316
565.901000	-0.016270
566.091000	0.103240
566.282000	-0.112735
566.473000	-0.130174
566.663000	-0.088028
566.854000	-0.244535
567.045000	-0.178913
567.235000	-0.106687
567.426000	-0.068158
567.617000	-0.051134
567.807000	-0.123894
567.998000	-0.099711
568.189000	-0.176247
568.379000	-0.093070
568.570000	-0.039718
568.761000	-0.103843
568.951000	-0.128212
569.142000	-0.157707
569.333000	-0.191781
569.524000	-0.294489
569.714000	-0.359986
569.905000	-0.423992
570.096000	-0.108736
570.286000	-0.022033
570.477000	0.138115
570.668000	-0.018816
570.858000	-0.087804
571.049000	-0.192179
571.240000	-0.267310
571.430000	-0.049958
571.621000	-0.124451
571.812000	-0.078239
572.002000	-0.045785
572.193000	-0.175870
572.384000	-0.100675
572.574000	-0.082155
572.765000	-0.111404
572.956000	-0.162726
573.146000	-0.071059
573.337000	-0.158022
573.528000	-0.108499
573.718000	0.025327
573.909000	0.034488
574.100000	-0.055747
574.290000	-0.141587
574.481000	-0.103294
574.672000	-0.117100
574.863000	-0.045441
575.053000	-0.151184
575.244000	-0.030919
575.435000	-0.179309
575.625000	-0.181518
575.816000	-0.149829
576.007000	-0.071169
576.197000	-0.086288
576.388000	-0.079226
576.579000	0.039600
576.769000	0.036569
576.960000	-0.228940
577.155000	-0.353244
577.350000	-0.103243
577.545000	0.034103
577.740000	-0.139705
577.935000	-0.011802
578.130000	-0.006644
578.326000	-0.161178
578.521000	-0.002207
578.716000	0.008055
578.911000	-0.181396
579.106000	-0.032791
579.301000	0.041408
579.496000	-0.123834
579.691000	-0.349480
579.886000	-0.163820
580.081000	-0.067733
580.276000	-0.047441
580.471000	-0.130080
580.666000	-0.233881
580.861000	-0.259617
581.057000	-0.228210
581.252000	-0.117721
581.447000	-0.179050
581.642000	-0.175764
581.837000	-0.159050
582.032000	-0.118591
582.227000	0.077417
582.422000	0.029775
582.617000	-0.118559
582.812000	-0.208353
583.007000	-0.171657
583.202000	-0.255608
583.397000	-0.062979
583.592000	0.149487
583.788000	-0.071024
583.983000	-0.134956
584.178000	-0.042367
584.373000	-0.146802
584.568000	-0.147185
584.763000	-0.202663
584.958000	-0.271812
585.153000	-0.150787
585.348000	-0.154161
585.543000	-0.065741
585.738000	-0.086462
585.933000	-0.240081
586.128000	-0.016599
586.324000	-0.022884
586.519000	-0.057514
586.714000	0.040916
586.909000	0.125049
587.104000	0.060642
587.299000	-0.063249
587.494000	-0.024987
587.689000	-0.070937
587.884000	-0.069756
588.079000	-0.117197
588.274000	-0.073383
588.469000	-0.089279
588.664000	-0.032127
588.859000	-0.030075
589.055000	-0.038512
589.250000	-0.075660
589.445000	-0.188677
589.640000	-0.176896
589.835000	0.056292
590.030000	0.151943
590.225000	0.116792
590.420000	-0.068341
590.615000	-0.150907
590.810000	-0.117633
591.005000	-0.065776
591.200000	-0.158494
591.395000	-0.213651
591.591000	-0.087573
591.786000	-0.035988
591.981000	-0.125977
592.176000	-0.037586
592.371000	-0.006385
592.566000	-0.081528
592.761000	0.030480
592.956000	0.030531
593.151000	0.095192
593.346000	-0.018521
593.541000	-0.027042
593.736000	-0.029980
593.931000	-0.134255
594.126000	-0.113713
594.322000	-0.105127
594.517000	-0.156586
594.712000	-0.243924
594.907000	-0.263467
595.102000	-0.135141
595.297000	0.005029
595.492000	0.061911
595.687000	-0.129120
595.882000	-0.204243
596.077000	-0.087496
596.272000	0.067235
596.467000	0.049900
596.662000	-0.083249
596.857000	-0.053783
597.053000	-0.028393
597.248000	-0.045845
597.443000	-0.032061
597.638000	-0.065738
597.833000	-0.236882
598.028000	-0.066448
598.223000	0.035849
598.418000	-0.069628
598.613000	-0.144367
598.808000	-0.057938
599.003000	-0.072684
599.198000	-0.197745
599.393000	-0.136689
599.589000	-0.053056
599.784000	-0.213109
599.979000	-0.109297
600.174000	0.072422
600.369000	-0.130940
600.564000	-0.074073
600.759000	0.130522
600.954000	0.204337
601.149000	0.042329
601.344000	-0.229703
601.539000	-0.061772
601.734000	-0.121897
601.929000	-0.315196
602.124000	-0.269968
602.320000	-0.055282
602.515000	0.196508
602.710000	0.130278
602.905000	-0.199881
603.100000	-0.233193
603.295000	-0.170723
603.490000	-0.104379
603.685000	-0.070599
603.880000	-0.059406
604.075000	-0.199777
604.270000	-0.207000
604.465000	-0.126823
604.660000	-0.312781
604.856000	-0.178169
605.051000	-0.027231
605.246000	-0.058195
605.441000	-0.242028
605.636000	-0.280681
605.831000	-0.181148
606.026000	-0.238653
606.221000	-0.243531
606.416000	-0.109387
606.611000	0.031176
606.806000	0.033427
607.001000	0.181041
607.196000	-0.035024
607.391000	-0.209673
607.587000	-0.055008
607.782000	-0.052785
607.977000	-0.191563
608.172000	0.081152
608.367000	0.090337
608.562000	-0.062135
608.757000	-0.075918
608.952000	-0.141429
609.147000	0.165052
609.342000	0.109949
609.537000	-0.040055
609.732000	-0.011573
609.927000	-0.079307
610.122000	0.026224
610.318000	0.358230
610.513000	0.473510
610.708000	0.323234
610.903000	0.416495
611.098000	0.478673
611.293000	0.421378
611.488000	0.418331
611.683000	0.377080
611.878000	0.324311
612.073000	0.316623
612.268000	0.264789
612.463000	0.325483
612.658000	0.252897
612.854000	0.172081
613.049000	0.091557
613.244000	0.235679
613.439000	0.276501
613.634000	-0.015705
613.829000	0.088758
614.024000	-0.029131
614.219000	-0.027553
614.414000	0.164636
614.609000	-0.031556
614.804000	-0.125469
614.999000	-0.104856
615.194000	-0.053750
615.389000	-0.037195
615.585000	-0.183142
615.780000	-0.016663
615.975000	-0.072351
616.170000	-0.054104
616.365000	0.145751
616.560000	0.243152
616.755000	0.105553
616.950000	0.012800
617.145000	0.096087
617.340000	-0.044082
617.535000	-0.270098
617.730000	-0.089085
617.925000	-0.214634
618.120000	-0.217918
618.316000	0.050770
618.511000	-0.045171
618.706000	-0.199131
618.901000	-0.084142
619.096000	0.028425
619.291000	-0.060046
619.486000	-0.035002
619.681000	-0.289197
619.876000	-0.314316
620.071000	-0.182561
620.266000	0.081699
620.461000	0.166145
620.656000	0.069698
620.852000	0.018836
621.047000	-0.074706
621.242000	-0.180846
621.437000	0.075807
621.632000	0.158544
621.827000	0.023968
622.022000	-0.225806
622.217000	-0.100353
622.412000	0.045664
622.607000	0.074796
622.802000	-0.124725
622.997000	-0.198586
623.192000	-0.111800
623.387000	-0.031711
623.583000	-0.232451
623.778000	-0.042762
623.973000	-0.001678
624.168000	0.036163
624.363000	0.090689
624.558000	0.078227
624.753000	-0.189866
624.948000	0.059180
625.143000	0.074452
625.338000	-0.037289
625.533000	-0.122921
625.728000	-0.009335
625.923000	0.184275
626.119000	0.034046
626.314000	-0.208736
626.509000	-0.197413
626.704000	-0.139668
626.899000	-0.151794
627.094000	-0.187216
627.289000	-0.185064
627.484000	-0.107849
627.679000	-0.122626
627.874000	-0.158236
628.069000	0.163662
628.264000	0.087381
628.459000	-0.034687
628.654000	-0.109365
628.850000	-0.233432
629.045000	-0.104638
629.240000	-0.133547
629.435000	-0.166058
629.630000	-0.045533
629.825000	-0.071801
630.020000	-0.055381
630.215000	-0.231068
630.410000	-0.169357
630.605000	-0.162433
630.800000	-0.109449
630.995000	-0.002654
631.190000	0.261528
631.385000	0.115319
631.581000	-0.088859
631.776000	-0.022229
631.971000	-0.144509
632.166000	-0.051778
632.361000	-0.172456
632.556000	-0.104692
632.751000	0.038601
632.946000	-0.083513
633.141000	-0.193655
633.336000	-0.184035
633.531000	-0.048865
633.726000	-0.037056
633.921000	-0.216595
634.117000	-0.337874
634.312000	-0.437314
634.507000	-0.349501
634.702000	-0.235242
634.897000	-0.214576
635.092000	-0.104367
635.287000	0.019264
635.482000	-0.104852
635.677000	-0.065324
635.872000	0.040487
636.067000	0.134652
636.262000	-0.037035
636.457000	-0.310755
636.652000	-0.316760
636.848000	-0.298017
637.043000	-0.246279
637.238000	-0.242265
637.433000	-0.339428
637.628000	-0.222857
637.823000	-0.088714
638.018000	-0.046781
638.213000	-0.123779
638.408000	-0.165192
638.603000	-0.290440
638.798000	-0.324749
638.993000	-0.211257
639.188000	-0.187744
639.383000	-0.230394
639.579000	0.019808
639.774000	-0.126747
639.969000	-0.214804
640.164000	-0.257026
640.359000	-0.295282
640.554000	-0.078907
640.749000	-0.046712
640.944000	-0.047769
641.139000	-0.064833
641.334000	-0.225413
641.529000	-0.576139
641.724000	-0.410118
641.919000	-0.247742
642.115000	0.047165
642.310000	0.061515
642.505000	-0.078789
642.700000	-0.124172
642.895000	-0.247170
643.090000	-0.090729
643.285000	0.088810
643.480000	0.003870
643.675000	0.018399
643.870000	0.321144
644.065000	0.149705
644.260000	-0.207005
644.455000	-0.090551
644.650000	-0.146413
644.846000	-0.172771
645.041000	-0.361983
645.236000	-0.434262
645.431000	-0.364364
645.626000	-0.520766
645.821000	-0.350304
646.016000	-0.243378
646.211000	0.143549
646.406000	-0.005910
646.601000	-0.068887
646.796000	-0.189890
646.991000	-0.357208
647.186000	-0.267266
647.381000	-0.113489
647.577000	-0.078036
647.772000	0.059271
647.967000	-0.039592
648.162000	-0.114907
648.357000	-0.115062
648.552000	0.069407
648.747000	-0.026787
648.942000	-0.024818
649.137000	-0.030869
649.332000	-0.191437
649.527000	-0.190360
649.722000	-0.062767
649.917000	0.064950
650.113000	-0.124753
650.308000	-0.266851
650.503000	-0.212767
650.698000	-0.037066
650.893000	-0.120301
651.088000	-0.031098
651.283000	-0.010054
651.478000	-0.263404
651.673000	-0.003013
651.868000	-0.180137
652.063000	-0.035292
652.258000	0.153387
652.453000	0.336153
652.648000	-0.008063
652.844000	-0.134139
653.039000	-0.042431
653.234000	-0.376948
653.429000	-0.513281
653.624000	-0.321701
653.819000	-0.055762
654.014000	-0.081125
654.209000	-0.227746
654.404000	-0.149303
654.599000	-0.240308
654.794000	-0.202283
654.989000	-0.004078
655.184000	-0.097987
655.380000	-0.292705
655.575000	-0.277438
655.770000	-0.275855
655.965000	-0.199278
656.160000	-0.223923
656.355000	-0.037824
656.550000	-0.105618
656.745000	-0.120055
656.940000	-0.182797
657.135000	-0.062629
657.330000	-0.114010
657.525000	-0.317606
657.720000	-0.064868
657.915000	0.053492
658.111000	-0.094676
658.306000	0.010299
658.501000	-0.110454
658.696000	-0.249711
658.891000	-0.070199
659.086000	-0.190906
659.281000	-0.076487
659.476000	-0.226682
659.671000	-0.608568
659.866000	-0.396572
660.061000	-0.078746
660.256000	0.039391
660.451000	-0.068477
660.646000	-0.238946
660.842000	-0.133132
661.037000	-0.272607
661.232000	-0.294880
661.427000	-0.171790
661.622000	-0.228432
661.817000	-0.323264
662.012000	-0.165174
662.207000	-0.280360
662.402000	-0.310431
662.597000	-0.117541
662.792000	-0.441422
662.987000	-0.443155
663.182000	-0.136482
663.378000	-0.122932
663.573000	-0.449752
663.768000	-0.471944
663.963000	-0.325145
664.158000	-0.264925
664.353000	-0.020056
664.548000	0.127682
664.743000	-0.026410
664.938000	-0.257738
665.133000	-0.306808
665.328000	0.030726
665.523000	0.009554
665.718000	-0.132716
665.913000	-0.187145
666.109000	-0.190761
666.304000	0.040484
666.499000	-0.079851
666.694000	-0.138802
666.889000	0.115300
667.084000	-0.055701
667.279000	-0.116689
667.474000	-0.138177
667.669000	-0.114584
667.864000	-0.124369
668.059000	-0.083755
668.254000	-0.144069
668.449000	-0.273396
668.644000	-0.144364
668.840000	0.130188
669.035000	-0.162698
669.230000	-0.443263
669.425000	-0.107104
669.620000	-0.225010
669.815000	-0.321366
670.010000	-0.339509
670.205000	-0.156326
670.400000	-0.109450
670.595000	-0.139131
670.790000	-0.238364
670.985000	-0.156897
671.180000	0.067627
671.376000	-0.253284
671.571000	-0.346849
671.766000	-0.309268
671.961000	-0.376310
672.156000	-0.381172
672.351000	-0.242820
672.546000	-0.231220
672.741000	-0.081300
672.936000	-0.059405
673.131000	0.279076
673.326000	-0.027653
673.521000	-0.315523
673.716000	-0.378619
673.911000	-0.492999
674.107000	0.022199
674.302000	0.262129
674.497000	-0.085623
674.692000	-0.332720
674.887000	-0.348370
675.082000	-0.197932
675.277000	-0.057111
675.472000	-0.131192
675.667000	-0.222357
675.862000	-0.269661
676.057000	-0.220370
676.252000	-0.172388
676.447000	-0.234931
676.643000	-0.038371
676.838000	0.134552
677.033000	-0.138139
677.228000	0.140755
677.423000	0.127211
677.618000	-0.248277
677.813000	-0.377889
678.008000	-0.151870
678.203000	-0.048010
678.398000	-0.282857
678.593000	-0.200473
678.788000	-0.062061
678.983000	-0.285820
679.178000	-0.231987
679.374000	-0.274878
679.569000	-0.139464
679.764000	-0.211551
679.959000	-0.371971
680.154000	-0.416089
680.349000	-0.544301
680.544000	-0.413486
680.739000	-0.319575
680.934000	-0.432734
681.129000	-0.396616
681.324000	-0.408785
681.519000	-0.258933
681.714000	-0.314110
681.909000	-0.323093
682.105000	-0.426134
682.300000	-0.174415
682.495000	-0.076562
682.690000	0.015347
682.885000	-0.020086
683.080000	-0.280793
683.275000	-0.276192
683.470000	0.106813
683.665000	0.304493
683.860000	0.228763
684.055000	-0.034573
684.250000	-0.274464
684.445000	-0.271644
684.641000	-0.001195
684.836000	-0.208277
685.031000	-0.139353
685.226000	-0.151571
685.421000	-0.010857
685.616000	-0.217138
685.811000	-0.237007
686.006000	0.009673
686.201000	-0.111386
686.396000	-0.442392
686.591000	-0.362905
686.786000	0.056108
686.981000	-0.076851
687.176000	-0.136956
687.372000	-0.210561
687.567000	0.123699
687.762000	-0.013509
687.957000	-0.233334
688.152000	-0.267059
688.347000	-0.112195
688.542000	-0.369555
688.737000	-0.684425
688.932000	-0.706626
689.127000	-0.291223
689.322000	-0.119307
689.517000	-0.287021
689.712000	-0.400259
689.908000	-0.317036
690.103000	-0.338911
690.298000	-0.268923
690.493000	-0.204415
690.688000	-0.389244
690.883000	-0.291048
691.078000	0.025207
691.273000	0.128572
691.468000	-0.094722
691.663000	-0.169881
691.858000	-0.068471
692.053000	-0.065933
692.248000	0.027923
692.443000	-0.036806
692.639000	-0.172967
692.834000	0.040799
693.029000	0.519107
693.224000	0.342161
693.419000	-0.206513
693.614000	-0.269875
693.809000	-0.325373
694.004000	-0.394277
694.199000	-0.369699
694.394000	-0.102109
694.589000	-0.363584
694.784000	-0.418352
694.979000	-0.208535
695.174000	-0.194779
695.370000	0.277415
695.565000	0.002599
695.760000	-0.299566
695.955000	0.070503
696.150000	0.185456
696.345000	-0.256974
696.540000	-0.101131
696.740000	-0.185058
696.940000	-0.014448
697.140000	0.056770
697.340000	-0.186476
697.539000	-0.021172
697.739000	-0.092663
697.939000	-0.120545
698.139000	-0.421684
698.339000	-0.694795
698.539000	-0.466922
698.739000	-0.480181
698.939000	-0.387163
699.138000	-0.420009
699.338000	0.232691
699.538000	0.251029
699.738000	-0.180409
699.938000	-0.225027
700.138000	-0.306393
700.338000	-0.395265
700.538000	-0.217122
700.737000	-0.138370
700.937000	-0.505853
701.137000	-0.601453
701.337000	-0.178378
701.537000	-0.015011
701.737000	-0.136294
701.937000	-0.255447
702.137000	-0.181691
702.337000	-0.291466
702.536000	-0.433292
702.736000	-0.447542
702.936000	-0.585688
703.136000	-0.051020
703.336000	-0.030329
703.536000	-0.262662
703.736000	-0.575266
703.936000	-0.481393
704.135000	-0.468708
704.335000	-0.156674
704.535000	-0.411522
704.735000	-0.576164
704.935000	-0.011110
705.135000	-0.097686
705.335000	-0.337442
705.535000	-0.086868
705.735000	-0.035021
705.934000	-0.135813
706.134000	-0.352953
706.334000	-0.310268
706.534000	-0.357110
706.734000	-0.346138
706.934000	-0.469933
707.134000	-0.434871
707.334000	-0.153728
707.533000	-0.190748
707.733000	-0.272502
707.933000	-0.371708
708.133000	-0.062112
708.333000	0.012771
708.533000	-0.220347
708.733000	0.102339
708.933000	-0.095317
709.132000	-0.319290
709.332000	-0.305552
709.532000	-0.377775
709.732000	-0.195756
709.932000	-0.640238
710.132000	-0.622660
710.332000	-0.762587
710.532000	-0.197626
710.732000	-0.044516
710.931000	-0.313279
711.131000	-0.278437
711.331000	-0.131385
711.531000	-0.328296
711.731000	-0.305924
711.931000	-0.188797
712.131000	-0.214680
712.331000	-0.162513
712.530000	-0.233328
712.730000	-0.401044
712.930000	-0.242580
713.130000	-0.292990
713.330000	-0.411569
713.530000	-0.237303
713.730000	0.398618
713.930000	0.019046
714.129000	-0.399539
714.329000	-0.459549
714.529000	-0.190722
714.729000	0.014701
714.929000	-0.104381
715.129000	-0.347533
715.329000	-0.229938
715.529000	-0.264920
715.729000	0.181698
715.928000	0.053313
716.128000	-0.157076
716.328000	-0.126331
716.528000	-0.208312
716.728000	-0.098228
716.928000	-0.297689
717.128000	-0.238684
717.328000	-0.237153
717.527000	-0.310614
717.727000	-0.266074
717.927000	-0.217442
718.127000	-0.300092
718.327000	-0.656889
718.527000	-0.561907
718.727000	-0.234595
718.927000	-0.343491
719.127000	-0.570250
719.326000	-0.326902
719.526000	-0.049805
719.726000	-0.207199
719.926000	-0.599629
720.126000	-0.516220
720.326000	-0.291469
720.526000	-0.396289
720.726000	-0.303064
720.925000	-0.076195
721.125000	-0.535344
721.325000	-0.305540
721.525000	-0.212865
721.725000	-0.329287
721.925000	-0.362469
722.125000	-0.380930
722.325000	0.115188
722.524000	-0.183321
722.724000	-0.637021
722.924000	-0.738776
723.124000	-0.470995
723.324000	-0.035554
723.524000	-0.044870
723.724000	-0.543571
723.924000	-0.345030
724.124000	-0.183457
724.323000	-0.147890
724.523000	-0.228641
724.723000	0.215105
724.923000	0.059249
725.123000	-0.062433
725.323000	-0.018763
725.523000	-0.155094
725.723000	-0.297343
725.922000	-0.354080
726.122000	-0.346636
726.322000	-0.413625
726.522000	-0.390416
726.722000	0.023587
726.922000	-0.204279
727.122000	-0.171876
727.322000	0.176832
727.521000	-0.080719
727.721000	-0.377245
727.921000	-0.229845
728.121000	-0.232957
728.321000	-0.549330
728.521000	-0.399522
728.721000	-0.161037
728.921000	-0.043034
729.121000	0.482141
729.320000	0.055939
729.520000	-0.265335
729.720000	-0.425877
729.920000	-0.384472
730.120000	-0.269570
730.320000	-0.144766
730.520000	-0.366892
730.720000	-0.379348
730.919000	-0.418012
731.119000	-0.063059
731.319000	-0.482623
731.519000	-0.634773
731.719000	-0.260908
731.919000	-0.379411
732.119000	-0.834789
732.319000	-0.806454
732.519000	-0.327644
732.718000	-0.566376
732.918000	-0.472114
733.118000	-0.355378
733.318000	-0.065696
733.518000	-0.307153
733.718000	-0.764839
733.918000	-0.694517
734.118000	-0.483689
734.317000	-0.188317
734.517000	-0.412404
734.717000	-0.404445
734.917000	-0.026581
735.117000	-0.038251
735.317000	-0.088121
735.517000	0.021673
735.717000	0.167211
735.916000	-0.387989
736.116000	-0.411044
736.316000	-0.317751
736.516000	-0.275634
736.716000	-0.218601
736.916000	-0.671985
737.116000	-0.536134
737.316000	0.059372
737.516000	0.001700
737.715000	-0.022110
737.915000	-0.553008
738.115000	-0.563298
738.315000	-0.288690
738.515000	-0.515785
738.715000	-0.424328
738.915000	-0.015482
739.115000	-0.382523
739.314000	-0.337418
739.514000	-0.024188
739.714000	-0.020785
739.914000	-0.055588
740.114000	-0.194923
740.314000	-0.027867
740.514000	0.272118
740.714000	-0.379805
740.913000	-0.709886
741.113000	-0.581086
741.313000	-0.270355
741.513000	-0.255271
741.713000	-0.137687
741.913000	-0.147206
742.113000	-0.290422
742.313000	-0.658394
742.513000	-0.344603
742.712000	-0.297603
742.912000	-0.620319
743.112000	-0.459658
743.312000	-0.691528
743.512000	-0.556626
743.712000	-0.340451
743.912000	-0.801081
744.112000	-0.877420
744.311000	-0.925049
744.511000	-0.583962
744.711000	-0.187261
744.911000	-0.493401
745.111000	-0.483076
745.311000	-0.104107
745.511000	-0.374937
745.711000	-0.488793
745.911000	-0.285957
746.110000	-0.662051
746.310000	-0.747127
746.510000	-0.535666
746.710000	-0.192319
746.910000	-0.066631
747.110000	-0.493123
747.310000	-0.778119
747.510000	-0.611444
747.709000	-0.339552
747.909000	-0.271216
748.109000	0.030028
748.309000	-0.285853
748.509000	-0.606507
748.709000	-0.684376
748.909000	-0.408231
749.109000	-0.379642
749.308000	-0.207114
749.508000	-0.371886
749.708000	-0.305240
749.908000	-0.064878
750.108000	-0.126314
750.308000	-0.764368
750.508000	0.011553
750.708000	-0.464185
750.908000	-0.895633
751.107000	-0.255577
751.307000	0.365507
751.507000	-0.143715
751.707000	-0.244393
751.907000	-0.303325
752.107000	-0.159980
752.307000	-0.522662
752.507000	-0.420010
752.706000	-0.453067
752.906000	0.511029
753.106000	-0.337265
753.306000	-0.864546
753.506000	0.079350
753.706000	-0.322010
753.906000	-0.226635
754.106000	-0.081617
754.305000	-0.095676
754.505000	-0.009992
754.705000	-0.217013
754.905000	-0.305878
755.105000	-0.028215
755.305000	-0.740661
755.505000	-0.566709
755.705000	-0.216834
755.905000	-0.308953
756.104000	-0.714053
756.304000	-1.093335
756.504000	-1.267286
756.704000	-0.226009
756.904000	-0.012321
757.104000	-0.397809
757.304000	-0.459765
757.504000	0.059887
757.703000	-0.241569
757.903000	-0.016557
758.103000	0.192873
758.303000	-0.151821
758.503000	-0.321125
758.703000	-0.468181
758.903000	-0.629399
759.103000	-0.186616
759.303000	-0.200153
759.502000	-0.371980
759.702000	-0.211272
759.902000	-0.445936
760.102000	-0.351217
760.302000	-0.435695
760.502000	-0.168221
760.702000	-0.046914
760.902000	-0.305586
761.101000	-0.617215
761.301000	-0.884508
761.501000	-0.579840
761.701000	-0.619739
761.901000	-0.432615
762.101000	-0.205932
762.301000	-0.327328
762.501000	-0.603125
762.700000	-0.695262
762.900000	-0.680249
763.100000	-0.347060
763.300000	-0.054792
763.500000	-0.304946
763.703000	-0.465730
763.905000	-0.739660
764.108000	0.019824
764.311000	-0.284179
764.513000	-0.516111
764.716000	-0.263530
764.919000	-0.164095
765.121000	-0.692128
765.324000	-0.878886
765.527000	-0.718044
765.729000	-0.516708
765.932000	0.069455
766.135000	-0.024638
766.337000	-0.237544
766.540000	-0.402454
766.743000	-0.226506
766.945000	-0.682693
767.148000	-1.012763
767.351000	-0.849515
767.553000	-0.352447
767.756000	-0.532647
767.958000	-0.728332
768.161000	-0.407764
768.364000	-0.715644
768.566000	-0.955516
768.769000	-0.393138
768.972000	-0.094248
769.174000	-0.472676
769.377000	-0.987367
769.580000	-0.991789
769.782000	-0.275514
769.985000	-0.766472
770.188000	-1.583152
770.390000	-0.701905
770.593000	0.694020
770.796000	0.205788
770.998000	-0.315883
771.201000	-0.590268
771.404000	-0.164195
771.606000	-0.513379
771.809000	-0.520274
772.012000	-0.360884
772.214000	-1.057537
772.417000	-1.135559
772.620000	-0.383626
772.822000	-0.576339
773.025000	-0.671332
773.228000	-0.791418
773.430000	-0.809401
773.633000	-0.398313
773.836000	-0.207787
774.038000	-0.182202
774.241000	-0.378685
774.444000	-0.531307
774.646000	0.331499
774.849000	-0.052967
775.052000	-0.349040
775.254000	-0.176073
775.457000	-0.460264
775.659000	-0.449289
775.862000	-0.608859
776.065000	-0.353332
776.267000	0.208484
776.470000	0.389612
776.673000	-0.311905
776.875000	0.212619
777.078000	0.129321
777.281000	-0.653960
777.483000	-0.073713
777.686000	0.073851
777.889000	-0.019715
778.091000	0.017310
778.294000	-0.837093
778.497000	-0.682403
778.699000	-0.583971
778.902000	-0.541273
779.105000	-0.297969
779.307000	0.442618
779.510000	-0.483482
779.713000	-0.397798
779.915000	-0.552230
780.118000	0.494981
780.321000	0.641498
780.523000	-0.305104
780.726000	-0.665960
780.929000	-0.706067
781.131000	-0.676852
781.334000	-1.204100
781.537000	-1.225263
781.739000	-0.147573
781.942000	-0.644244
782.145000	-1.133897
782.347000	-1.055215
782.550000	-0.740663
782.753000	-0.943656
782.955000	-0.778634
783.158000	-0.664798
783.361000	-0.431378
783.563000	-0.472785
783.766000	-0.582800
783.968000	0.918347
784.171000	0.854802
784.374000	-0.242389
784.576000	-0.356962
784.779000	-0.109261
784.982000	0.261645
785.184000	-0.286740
785.387000	-0.239754
785.590000	0.118496
785.792000	0.317189
785.995000	0.283260
786.198000	-0.079548
786.400000	-0.447349
786.603000	-0.352381
786.806000	-0.439116
787.008000	-0.332630
787.211000	-0.264394
787.414000	-0.838773
787.616000	-0.524533
787.819000	-0.512288
788.022000	-1.090756
788.224000	-0.511549
788.427000	-1.053467
788.630000	-0.597881
788.832000	-0.331193
789.035000	-0.791430
789.238000	-1.285071
789.440000	-1.021457
789.643000	-0.087450
789.846000	-0.526195
790.048000	-0.013736
790.251000	0.065950
790.454000	-0.345543
790.656000	0.322045
790.859000	-0.342103
791.062000	-0.735158
791.264000	-0.138074
791.467000	-0.898503
791.669000	-1.358055
791.872000	-0.605665
792.075000	-0.936721
792.277000	-0.568816
792.480000	-0.285954
792.683000	-0.788419
792.885000	-1.015861
793.088000	-0.817354
793.291000	-0.965821
793.493000	-1.024000
793.696000	-0.443061
793.899000	-0.067916
794.101000	-0.320512
794.304000	-0.577088
794.507000	-0.341642
794.709000	-0.125616
794.912000	-0.510220
795.115000	-0.890294
795.317000	-0.660359
795.520000	-0.346042
795.723000	-0.500888
795.925000	-0.913355
796.128000	-1.190181
796.331000	-0.761198
796.533000	-1.092093
796.736000	-0.602937
796.939000	-0.410744
797.141000	-0.488310
797.344000	0.147222
797.547000	-0.067751
797.749000	-0.212396
797.952000	-0.572228
798.155000	-0.896407
798.357000	-1.142881
798.560000	-0.939819
798.763000	-0.245178
798.965000	-0.319624
799.168000	-0.326548
799.371000	-0.281939
799.573000	-0.577797
799.776000	-1.121158
799.978000	-1.185538
800.181000	-0.533301
800.384000	0.910442
800.586000	0.358948
800.789000	-0.973000
800.992000	-1.005765
801.194000	-1.193748
801.397000	-1.193781
801.600000	-0.983414
801.802000	-0.101249
802.005000	-0.237001
802.208000	-1.361246
802.410000	-0.613732
802.613000	-0.343844
802.816000	-0.365954
803.018000	-0.995060
803.221000	-0.912802
803.424000	0.124874
803.626000	-0.106307
803.829000	-0.451679
804.032000	0.106928
804.234000	0.606788
804.437000	-0.470472
804.640000	-0.394360
804.842000	-0.521746
805.045000	-0.915215
805.248000	-0.573080
805.450000	-0.515269
805.653000	-0.547342
805.856000	-0.754572
806.058000	0.202051
806.261000	-0.742600
806.464000	-0.897804
806.666000	-0.493124
806.869000	-0.661712
807.072000	-1.644372
807.274000	-1.820707
807.477000	-0.849379
807.679000	-0.491812
807.882000	-0.943446
808.085000	-0.792054
808.287000	-0.161199
808.490000	-0.975643
808.693000	-0.768531
808.895000	-0.574569
809.098000	-0.495558
809.301000	-0.470698
809.503000	-0.639197
809.706000	0.090378
809.909000	0.220887
810.111000	0.164222
810.314000	-0.298961
810.517000	-0.830351
810.719000	-0.956244
810.922000	-0.608637
811.125000	0.259802
811.327000	0.281647
811.530000	-0.258916
811.735000	-0.591887
811.940000	-0.804586
812.146000	-0.746346
812.351000	-0.291029
812.556000	-0.501491
812.761000	-1.037176
812.967000	-0.256087
813.172000	-0.200506
813.377000	-0.329431
813.582000	0.330829
813.788000	-0.080648
813.993000	-1.035307
814.198000	-0.241575
814.403000	-0.906277
814.609000	-0.376764
814.814000	-0.445667
815.019000	0.593136
815.224000	0.377576
815.429000	-0.728201
815.635000	-0.384842
815.840000	-0.206899
816.045000	-0.096754
816.250000	0.003589
816.456000	-1.132549
816.661000	-1.784272
816.866000	-1.274178
817.071000	-1.269759
817.277000	-1.973354
817.482000	-1.083209
817.687000	-0.411868
817.892000	-0.494840
818.097000	-0.216934
818.303000	0.294144
818.508000	0.880710
818.713000	1.992101
818.918000	0.633803
819.124000	0.395298
819.329000	-0.560220
819.534000	-0.751666
819.739000	-1.001064
819.945000	-0.863705
820.150000	-0.515152
820.355000	-0.501083
820.560000	-0.263018
820.766000	-0.308896
820.971000	-0.344777
821.176000	-1.663506
821.381000	-2.132083
821.586000	-1.249582
821.792000	0.141452
821.997000	-0.405619
822.202000	-0.704786
822.407000	-1.171802
822.613000	-1.228163
822.818000	-0.721837
823.023000	-0.479235
823.228000	-0.630141
823.434000	0.031093
823.639000	0.105165
823.844000	-0.699045
824.049000	0.230582
824.255000	0.337190
824.460000	-0.460876
824.665000	-0.895423
824.870000	0.217688
825.075000	0.182296
825.281000	0.131172
825.486000	0.591775
825.691000	-1.365543
825.896000	-2.146614
826.102000	-0.855164
826.307000	-0.619793
826.512000	-0.698865
826.717000	-0.518674
826.923000	-0.678640
827.128000	-0.541659
827.333000	-1.221486
827.538000	-0.201601
827.744000	0.094859
827.949000	-0.913858
828.154000	-0.516644
828.359000	0.351142
828.564000	-0.278171
828.770000	-0.783768
828.975000	0.480520
829.180000	0.004200
829.385000	-1.381147
829.591000	-1.015977
829.796000	-0.406727
830.001000	-0.462686
830.206000	-1.217854
830.412000	-1.076233
830.617000	-0.882681
830.822000	0.128563
831.027000	-0.534487
831.232000	-1.032440
831.438000	-0.961753
831.643000	-0.363875
831.848000	-0.573206
832.053000	-0.448982
832.259000	-0.602293
832.464000	-2.210231
832.669000	-1.875603
832.874000	-1.438402
833.080000	-1.290595
833.285000	0.379425
833.490000	0.075056
833.695000	-1.195469
833.901000	-0.919796
834.106000	-1.028524
834.311000	-0.935032
834.516000	-0.423211
834.721000	-0.688201
834.927000	0.213679
835.132000	-0.318868
835.337000	0.802921
835.542000	-0.100962
835.748000	-1.323700
835.953000	-0.156268
836.158000	-0.294873
836.363000	-0.203539
836.569000	0.041956
836.774000	-1.069415
836.979000	-1.482170
837.184000	-1.640437
837.390000	-1.352309
837.595000	-0.941619
837.800000	-0.528517
838.005000	-0.318103
838.210000	-0.479737
838.416000	-0.839216
838.621000	-0.817568
838.826000	-0.907854
839.031000	-0.686787
839.237000	-1.238682
839.442000	-1.870687
839.647000	-1.993710
839.852000	-1.380232
840.058000	-1.268158
840.263000	-1.151850
840.468000	-1.830096
840.673000	-0.794921
840.878000	-0.746555
841.084000	-1.457541
841.289000	-0.604296
841.494000	1.740736
841.699000	1.531312
841.905000	0.235820
842.110000	0.554902
842.315000	-1.000950
842.520000	-0.878739
842.726000	-1.275699
842.931000	-1.426410
843.136000	-0.295497
843.341000	-1.858064
843.547000	-1.157632
843.752000	-0.841013
843.957000	-1.514847
844.162000	-1.459701
844.367000	-1.119287
844.573000	-0.345074
844.778000	0.041717
844.983000	-0.240460
845.188000	-0.278472
845.394000	-1.601098
845.599000	-1.237540
845.804000	-0.928668
846.009000	-0.427468
846.215000	-1.513809
846.420000	-1.006546
846.625000	-0.275407
846.830000	-0.075330
847.036000	-0.740729
847.241000	-0.977349
847.446000	-0.515760
847.651000	-0.768718
847.856000	-1.375322
848.062000	-1.053863
848.267000	0.149019
848.472000	-1.190752
848.677000	-2.210431
848.883000	-0.343614
849.088000	0.783761
849.293000	-0.590138
849.498000	-0.965470
849.704000	-0.022516
849.909000	-0.620787
850.114000	-1.461716
850.319000	-0.424224
850.524000	-0.449306
850.730000	-0.697802
850.935000	-0.890112
851.140000	0.380015
851.345000	0.282092
851.551000	-0.259844
851.756000	0.011611
851.961000	-0.733423
852.166000	-0.867752
852.372000	-0.688995
852.577000	-0.729319
852.782000	-0.877080
852.987000	0.531841
853.193000	-0.166058
853.398000	-0.367810
853.603000	-1.468581
853.808000	-1.933357
854.013000	-1.149433
854.219000	0.059975
854.424000	1.818275
854.629000	1.677471
854.834000	-0.832186
855.040000	-0.556307
855.245000	0.073114
855.450000	-2.180596
855.655000	-3.118670
855.861000	-2.868239
856.066000	-1.869898
856.271000	-1.990741
856.476000	-0.298706
856.682000	-0.880827
856.887000	-3.214373
857.092000	-1.970190
857.297000	0.163273
857.502000	-0.333481
857.708000	-0.674567
857.913000	0.284189
858.118000	-0.350543
858.323000	-0.696755
858.529000	-0.568030
858.734000	-0.780766
858.939000	-0.956370
859.144000	-1.513473
859.350000	-2.170691
859.555000	-1.951331
859.760000	-0.493741
859.965000	0.129894
860.171000	-1.154533
860.376000	0.000000
860.581000	-1.674724
860.786000	-3.805389
860.991000	-3.040364
861.197000	-2.019054
861.402000	-0.829854
861.607000	-1.321971
861.812000	-2.194976
862.018000	-2.277065
862.223000	-1.368812
862.428000	-0.755935
862.633000	0.405149
862.839000	0.095128
863.044000	-1.068854
863.249000	-1.947416
863.454000	-0.273593
863.659000	-0.987925
863.865000	-1.578886
864.070000	-1.603766
864.275000	-2.063456
864.480000	-1.641623
864.686000	-3.113851
864.891000	-2.676229
865.096000	-0.498393
865.301000	0.084393
865.507000	-0.191001
865.712000	-0.021221
865.917000	-0.662078
866.122000	0.135631
866.328000	-2.785437
866.533000	-2.539579
866.738000	0.624930
866.943000	0.604652
867.148000	0.644245
867.354000	-1.823880
867.559000	-2.802291
867.764000	-1.187994
867.969000	-0.619121
868.175000	-1.667454
868.380000	-1.975529
868.585000	-2.568580
868.790000	-0.955433
868.996000	-1.125766
869.201000	-2.294806
869.406000	-3.183044
869.611000	-2.398179
869.817000	-1.914909
870.022000	2.140758
870.227000	0.030226
870.432000	-1.905991
870.637000	-0.615784
870.843000	-1.215785
871.048000	-1.101620
871.253000	0.168400
871.458000	-0.792422
871.664000	-2.400121
871.869000	-2.476606
872.074000	-2.015375
872.279000	-1.100895
872.485000	-1.414455
872.690000	-1.175931
872.895000	-1.608728
873.100000	-2.253295
873.306000	-2.231004
873.511000	-0.946760
873.716000	0.402049
873.921000	-1.347358
874.126000	-1.759173
874.332000	-0.932868
874.537000	-0.269017
874.742000	-0.414411
874.947000	-0.709936
875.153000	0.963698
875.358000	-0.569667
875.563000	-1.270252
875.768000	-3.429165
875.974000	-3.443256
876.179000	-0.616661
876.384000	-0.535921
876.589000	-1.875819
876.794000	-1.192755
877.000000	-2.209686
877.205000	-3.373744
877.410000	-0.790233
877.615000	-2.392139
877.821000	-4.142069
878.026000	-2.953960
878.231000	-3.270019
878.436000	-3.061144
878.642000	-2.538369
878.847000	-1.453726
879.052000	0.190097
879.257000	-1.560149
879.463000	-2.426370
879.668000	-1.693736
879.873000	0.061357
880.078000	-2.179131
880.283000	-3.607803
880.489000	-3.731217
880.694000	-3.162724
880.899000	-1.267492
881.104000	-0.322641
881.310000	0.591493
881.515000	-0.375972
881.720000	1.310095
881.925000	1.759652
882.131000	1.804884
882.336000	0.036375
882.541000	-2.392161
882.746000	-2.560540
882.952000	-2.953158
883.157000	-2.342524
883.362000	-2.262992
883.567000	-2.968118
883.772000	-3.342051
883.978000	-2.333562
884.183000	-0.685691
884.388000	-1.236982
884.593000	-3.271826
884.799000	0.904013
885.004000	0.553889
885.209000	-1.041376
885.414000	-0.495101
885.620000	-2.982501
885.825000	-0.492606
886.030000	-0.886886
886.235000	-2.201735
886.440000	-1.457226
886.646000	-3.718948
886.851000	-3.786962
887.056000	-0.326485
887.261000	-0.742605
887.467000	-3.022277
887.672000	-0.930878
887.877000	-1.901434
888.082000	-3.861455
888.288000	-4.099156
888.493000	-5.962745
888.698000	-4.257671
888.903000	-1.378616
889.109000	-2.527324
889.314000	-0.163146
889.519000	-1.686203
889.724000	0.793452
889.929000	-0.509217
890.135000	-1.562396
890.340000	-1.728375
890.545000	-2.313733
890.750000	-3.607087
890.956000	-2.729832
891.161000	-0.485291
891.366000	-2.309057
891.571000	-1.131292
891.777000	-1.558276
891.982000	-0.156589
892.187000	-0.199196
892.392000	0.773970
892.598000	0.021038
892.803000	-0.403246
893.008000	-2.141449
893.213000	-2.326111
893.418000	-2.704529
893.624000	-3.178249
893.829000	-4.892553
894.034000	-2.199369
894.239000	-0.646884
894.445000	-2.796673
894.650000	-2.659420
894.855000	-2.597792
895.060000	-2.831190
895.266000	-2.588278
895.471000	-3.906471
895.676000	-0.971838
895.881000	-0.484595
896.087000	-1.938754
896.292000	-3.093359
896.497000	1.158742
896.702000	-0.632534
896.907000	-2.823011
897.113000	1.494807
897.318000	1.560949
897.523000	0.178864
897.728000	-1.930194
897.934000	-2.013461
898.139000	-1.783461
898.344000	-0.033966
898.549000	-1.252529
898.755000	-2.212134
898.960000	-2.317579
899.165000	-4.258458
899.370000	-1.279475
899.575000	2.253462
899.781000	-1.900601
899.986000	-2.677205
900.191000	-1.469621
900.396000	-1.985124
900.602000	-1.022015
900.807000	-1.466961
901.012000	-1.798014
901.217000	-0.298423
901.423000	-2.176971
901.628000	-3.473330
901.833000	0.071972
902.038000	0.265948
902.244000	-2.483402
902.449000	-2.158488
902.654000	-2.303780
902.859000	-1.075840
903.064000	0.823032
903.270000	0.665725
903.475000	-3.281825
903.680000	-5.201193
903.885000	-4.087282
904.091000	-3.496437
904.296000	-4.764028
904.501000	-3.259946
904.706000	-2.689586
904.912000	0.472249
905.117000	-1.332964
905.322000	-3.721252
905.527000	-3.202412
905.733000	-2.393735
905.938000	-2.434615
906.143000	-2.883254
906.348000	-4.603792
906.553000	-1.334240
906.759000	0.000000
906.964000	-0.650111
907.169000	-1.694473
907.374000	-4.126875
907.580000	-3.252165
907.785000	-2.668349
907.990000	10.539636
908.195000	7.295066
908.401000	-0.302736
908.606000	-6.489249
908.811000	-7.878882
909.016000	-1.877385
909.221000	-1.454041
909.427000	-2.214369
909.632000	-3.652774
909.837000	-3.621642
910.042000	-4.710422
910.248000	-5.831711
910.453000	-1.862525
910.658000	-2.945012
910.863000	-3.677428
911.069000	-4.588206
911.274000	-0.554045
911.479000	0.748163
911.684000	-5.716176
911.890000	-2.864054
912.095000	-2.542395
912.300000	-5.046616
912.506000	-4.110912
912.711000	-3.634332
912.917000	-1.101838
913.123000	-1.102823
913.328000	-1.580853
913.534000	-1.288555
913.740000	7.878246
913.946000	3.943304
914.151000	-2.974494
914.357000	-4.781149
914.563000	-0.761385
914.768000	-3.852479
914.974000	-5.254307
915.180000	-4.506407
915.385000	-3.401370
915.591000	-6.328984
915.797000	-2.127398
916.002000	1.013523
916.208000	-2.083020
916.414000	-4.294055
916.620000	-5.160589
916.825000	-1.802767
917.031000	-2.151727
917.237000	-7.660412
917.442000	-4.467836
917.648000	-5.264669
917.854000	-5.667202
918.059000	-0.442867
918.265000	0.119084
918.471000	-2.239861
918.676000	-4.959591
918.882000	-7.149285
919.088000	-5.890225
919.294000	-9.834151
919.499000	-5.711412
919.705000	-1.013384
919.911000	-2.826684
920.116000	-0.682322
920.322000	-5.626028
920.528000	-4.441512
920.733000	-6.249770
920.939000	-6.238629
921.145000	-5.193223
921.350000	-5.017341
921.556000	-3.478968
921.762000	-3.057558
921.968000	-3.611818
922.173000	-5.624467
922.379000	-7.681506
922.585000	-3.059574
922.790000	-3.893894
922.996000	-5.400662
923.202000	-6.665292
923.407000	-6.528951
923.613000	-4.536789
923.819000	-2.366853
924.024000	-2.431314
924.230000	-0.616636
924.436000	-2.582236
924.642000	3.668202
924.847000	0.511915
925.053000	-4.234220
925.259000	-8.316108
925.464000	-4.329511
925.670000	-4.305404
925.876000	-4.999802
926.081000	-5.801547
926.287000	-2.644667
926.493000	-1.965087
926.698000	-2.824176
926.904000	-0.552866
927.110000	-3.208737
927.316000	-2.706709
927.521000	3.407019
927.727000	-2.268788
927.933000	-5.154568
928.138000	-4.021715
928.344000	-9.013417
928.550000	-4.524626
928.755000	-0.569227
928.961000	-4.794745
929.167000	-4.572488
929.372000	2.433034
929.578000	0.532783
929.784000	-5.273492
929.990000	-7.501247
930.195000	-4.465652
930.401000	-4.096357
930.607000	-2.895724
930.812000	-1.917394
931.018000	-4.765230
931.224000	-9.902028
931.429000	-7.300744
931.635000	-10.145149
931.841000	-9.405105
932.046000	-5.794088
932.252000	-2.215757
932.458000	4.597174
932.664000	1.270197
932.869000	-4.679212
933.075000	-6.964203
933.281000	-5.972659
933.486000	-0.210486
933.692000	-3.594393
933.898000	-7.687613
934.103000	-1.146100
934.309000	-4.626290
934.515000	-2.268190
934.720000	-0.943701
934.926000	2.742890
935.132000	2.633054
935.338000	-1.472365
935.543000	-8.329066
935.749000	-9.044976
935.955000	-10.018551
936.160000	-8.543721
936.366000	-1.808711
936.572000	-1.844355
936.777000	-0.678792
936.983000	0.649459
937.189000	-3.397436
937.394000	-8.023961
937.600000	0.349108
937.806000	2.973045
938.012000	-4.091600
938.217000	5.528815
938.423000	3.130082
938.629000	-6.096308
938.834000	-12.611815
939.040000	-10.748634
939.246000	-5.038993
939.451000	-7.636653
939.657000	-4.668793
939.863000	-8.943519
940.068000	-1.593580
940.274000	-6.596181
940.480000	-4.696817
940.686000	-1.618730
940.891000	-3.246711
941.097000	8.493147
941.303000	0.037223
941.508000	-4.717512
941.714000	-0.602307
941.920000	-11.441255
942.125000	-2.759864
942.331000	-0.962748
942.537000	4.078961
942.742000	1.166152
942.948000	-7.308941
943.154000	-9.202697
943.360000	-20.307172
943.565000	-8.049406
943.771000	1.361002
943.977000	5.764613
944.182000	-10.358531
944.388000	-12.197203
944.594000	0.201966
944.799000	8.119783
945.005000	1.243712
945.211000	3.017909
945.416000	0.326877
945.622000	-10.445644
945.828000	-7.163113
946.034000	0.589151
946.239000	-0.380855
946.445000	-4.708058
946.651000	-13.311373
946.856000	-12.804867
947.062000	-2.837097
947.268000	1.008349
947.473000	-11.136905
947.679000	-14.175659
947.885000	-2.511858
948.090000	1.841920
948.296000	14.244087
948.502000	1.631440
948.708000	-7.968578
948.913000	-9.114950
949.119000	1.620815
949.325000	-5.128531
949.530000	-16.536096
949.736000	-18.970707
949.942000	-10.057776
950.147000	-11.490546
950.353000	-9.653606
950.559000	-4.568866
950.764000	13.746666
950.970000	6.102155
951.176000	-7.201790
951.382000	-10.787691
951.587000	0.045988
951.793000	2.731237
951.999000	1.597190
952.204000	-9.446423
952.410000	-20.185919
952.616000	-9.697188
952.821000	-6.293911
953.027000	-11.650266
953.233000	-13.347924
953.438000	-12.460377
953.644000	-0.327766
953.850000	-3.420419
954.056000	-6.108258
954.261000	-6.670315
954.467000	-0.286540
954.673000	7.005554
954.878000	-1.530259
955.084000	-2.920660
955.290000	-16.200505
955.495000	-17.597828
955.701000	-13.415587
955.907000	0.440688
956.112000	-0.930436
956.318000	7.377302
956.524000	7.315009
956.730000	-5.235953
956.935000	-8.552919
957.141000	-11.525118
957.347000	0.100817
957.552000	-5.740580
957.758000	-18.291771
957.964000	-25.196734
958.169000	5.370672
958.375000	4.515077
958.581000	-9.383613
958.786000	-20.081394
958.992000	-23.936460
959.198000	-7.115770
959.404000	-3.729082
959.609000	-8.474498
959.815000	-10.921737
960.021000	2.032373
960.226000	-4.640301
960.432000	-23.206220
960.638000	-12.657602
960.843000	-5.961479
961.049000	-7.425323
961.255000	1.992040
961.460000	-10.533504
961.666000	-27.974359
961.872000	-18.109174
962.078000	-14.459142
962.283000	-21.987365
962.489000	-22.191033
962.695000	-15.416630
962.900000	-10.884283
963.106000	-6.080080
963.312000	-11.086346
963.517000	-16.183373
963.723000	-18.227839
963.929000	3.509352
964.134000	7.242423
964.340000	-13.146169
964.546000	-11.374727
964.752000	-15.586359
964.957000	-22.475697
965.163000	-4.394705
965.369000	-2.508389
965.574000	2.154158
965.780000	-3.994860
966.000000	-12.946276
966.220000	-9.320895
966.440000	-8.535882
966.661000	0.258271
966.881000	-17.422096
967.101000	-31.692255
967.321000	-30.815664
967.541000	-10.564441
967.761000	-15.797793
967.981000	-8.026155
968.202000	-4.752784
968.422000	2.658613
968.642000	1.698997
968.862000	1.873266
969.082000	-7.128726
969.302000	0.432989
969.522000	-5.319678
969.743000	7.804865
969.963000	-8.824068
970.183000	-20.665598
970.403000	-19.427759
970.623000	-17.511565
970.843000	4.084013
971.063000	0.740544
971.284000	-18.477053
971.504000	-27.814165
971.724000	-7.719738
971.944000	-19.692870
972.164000	-29.901297
972.384000	-19.954650
972.604000	-32.446105
972.825000	-36.400640
973.045000	-24.041049
973.265000	19.019978
973.485000	11.847389
973.705000	-5.312917
973.925000	-13.319792
974.145000	-43.228242
974.365000	-10.880135
974.586000	-8.334199
974.806000	-26.445869
975.026000	4.564096
975.246000	-5.850149
975.466000	-19.651737
975.686000	-9.758044
975.906000	-18.188144
976.127000	-37.440901
976.347000	-32.832497
976.567000	-9.578709
976.787000	-6.699347
977.007000	-12.646807
977.227000	-20.155805
977.447000	-22.526397
977.668000	-40.106403
977.888000	-22.872051
978.108000	-23.170413
978.328000	-18.127871
978.548000	10.750421
978.768000	19.711463
978.988000	4.675583
979.209000	-12.972769
979.429000	-11.752638
979.649000	0.000000
979.869000	-23.874410
980.089000	-36.939234
980.309000	-37.895228
980.529000	-43.425882
980.750000	-28.396423
980.970000	-38.403910
981.190000	-21.428702
981.410000	-19.739037
981.630000	-28.616543
981.850000	-21.741103
982.070000	-9.973742
982.291000	-34.543852
982.511000	-35.395179
982.731000	-4.786911
982.951000	-17.529697
983.171000	-20.330357
983.391000	-18.715167
983.611000	1.618877
983.832000	-22.211986
984.052000	-40.723862
984.272000	-21.161256
984.492000	-12.473156
984.712000	-21.224824
984.932000	-43.164741
985.152000	-46.357106
985.373000	-32.966435
985.593000	-7.370031
985.813000	-17.492160
986.033000	-32.010147
986.253000	4.215157
986.473000	12.525592
986.693000	-17.024089
986.914000	-31.585826
987.134000	3.104400
987.354000	-22.931568
987.574000	91.600490
987.794000	51.657717
988.014000	-35.153929
988.234000	-17.756567
988.455000	-6.415605
988.675000	-9.085427
988.895000	-21.989331
989.115000	-33.466688
989.335000	-10.897451
989.555000	-0.745058
989.775000	-36.001911
989.995000	-21.958134
990.216000	-9.900403
990.436000	-11.294733
990.656000	10.815777
990.876000	-20.861135
991.096000	-2.255399
991.316000	10.214417
991.536000	-17.129302
991.757000	-20.138262
991.977000	-58.041329
992.197000	-17.222862
992.417000	-33.108451
992.637000	-67.360588
992.857000	-66.129112
993.077000	-61.036779
993.298000	-21.417240
993.518000	-15.931193
993.738000	-70.032939
993.958000	-41.590166
994.178000	-45.361170
994.398000	-27.796851
994.618000	-64.201864
994.839000	-106.487131
995.059000	-25.365666
995.279000	40.703954
995.499000	4.689951
995.719000	-12.377226
995.939000	-26.973011
996.159000	-12.195191
996.380000	-3.871856
996.600000	-53.712566
996.820000	-20.224459
997.040000	21.000981
997.260000	-46.095795
997.480000	-35.245600
997.700000	-86.760218
997.921000	-47.269527
998.141000	39.357399
998.361000	-1.310368
998.581000	-45.075377
998.801000	-69.127893
999.021000	-43.222581
999.241000	-19.262307
999.462000	-41.195108
999.682000	-86.887593
999.902000	-49.160779
1000.122000	-67.117631
1000.342000	-112.906950
1000.562000	-45.604504
1000.782000	-42.726731
1001.003000	-881.769127
