Wavelength	Irradiance
(nm)	(mW/cm2/nm)

294.396000	0.000000
294.577000	0.000000
294.757000	-0.000000
294.938000	-0.000000
295.118000	-0.000000
295.299000	0.000000
295.479000	-0.000000
295.660000	-0.000000
295.840000	-0.000000
296.021000	-0.000000
296.202000	-0.000000
296.382000	-0.000000
296.563000	-0.000000
296.743000	-0.000000
296.924000	0.000000
297.104000	-0.000000
297.285000	-0.000000
297.465000	-0.000000
297.646000	-0.000000
297.826000	-0.000000
298.007000	0.000000
298.187000	0.000000
298.368000	-0.000000
298.548000	-0.000000
298.729000	0.000000
298.909000	-0.000000
299.090000	-0.000000
299.270000	-0.000000
299.451000	-0.000000
299.631000	-0.000000
299.812000	-0.000000
299.992000	0.000000
300.173000	0.000000
300.353000	-0.000000
300.534000	-0.000000
300.714000	0.000000
300.895000	-0.000000
301.075000	-0.000000
301.256000	0.000000
301.436000	-0.000000
301.617000	-0.000000
301.797000	-0.000000
301.978000	-0.000000
302.159000	0.000000
302.339000	-0.000000
302.520000	-0.000000
302.700000	-0.000000
302.881000	0.000000
303.061000	0.000000
303.242000	0.000000
303.422000	0.000000
303.603000	-0.000000
303.783000	-0.000000
303.964000	0.000000
304.144000	-0.000000
304.325000	-0.000000
304.505000	0.000000
304.686000	0.000000
304.866000	0.000000
305.047000	-0.000000
305.227000	-0.000000
305.408000	-0.000000
305.588000	-0.000000
305.769000	-0.000000
305.949000	-0.000000
306.130000	-0.000000
306.310000	-0.000000
306.491000	-0.000000
306.671000	0.000000
306.852000	-0.000000
307.032000	-0.000000
307.213000	-0.000000
307.393000	-0.000000
307.574000	0.000000
307.755000	0.000000
307.935000	0.000000
308.116000	-0.000000
308.296000	-0.000000
308.477000	0.000000
308.657000	0.000000
308.838000	0.000000
309.018000	0.000000
309.199000	-0.000000
309.379000	-0.000000
309.560000	0.000000
309.740000	-0.000000
309.921000	0.000000
310.101000	0.000000
310.282000	-0.000000
310.462000	-0.000000
310.643000	-0.000000
310.823000	-0.000000
311.004000	-0.000000
311.184000	-0.000000
311.365000	0.000000
311.545000	0.000000
311.726000	0.000000
311.906000	-0.000000
312.087000	0.000000
312.267000	-0.000000
312.448000	-0.000000
312.628000	-0.000000
312.809000	-0.000000
312.989000	-0.000000
313.170000	-0.000000
313.344000	-0.000000
313.518000	-0.000000
313.691000	-0.000000
313.865000	-0.000000
314.039000	-0.000000
314.213000	-0.000000
314.387000	-0.000000
314.560000	-0.000000
314.734000	-0.000000
314.908000	-0.000000
315.082000	-0.000000
315.255000	-0.000000
315.429000	0.000000
315.603000	0.000000
315.777000	-0.000000
315.951000	0.000000
316.124000	-0.000000
316.298000	-0.000000
316.472000	-0.000000
316.646000	-0.000000
316.820000	-0.000000
316.993000	-0.000000
317.167000	-0.000000
317.341000	-0.000000
317.515000	-0.000000
317.688000	-0.000000
317.862000	-0.000000
318.036000	-0.000000
318.210000	-0.000000
318.384000	-0.000000
318.557000	-0.000000
318.731000	-0.000000
318.905000	-0.000000
319.079000	0.000000
319.253000	-0.000000
319.426000	0.000000
319.600000	0.000000
319.774000	-0.000000
319.948000	-0.000000
320.122000	0.000000
320.295000	0.000000
320.469000	-0.000000
320.643000	-0.000000
320.817000	-0.000000
320.990000	-0.000000
321.164000	-0.000000
321.338000	-0.000000
321.512000	-0.000000
321.686000	-0.000000
321.859000	-0.000000
322.033000	0.000000
322.207000	-0.000000
322.381000	-0.000000
322.555000	0.000000
322.728000	0.000000
322.902000	-0.000000
323.076000	-0.000000
323.250000	-0.000000
323.423000	-0.000000
323.597000	-0.000000
323.771000	-0.000000
323.945000	-0.000000
324.119000	-0.000000
324.292000	0.000000
324.466000	-0.000000
324.640000	0.000000
324.814000	0.000000
324.988000	-0.000000
325.161000	-0.000000
325.335000	-0.000000
325.509000	-0.000000
325.683000	-0.000000
325.856000	-0.000000
326.030000	-0.000000
326.204000	-0.000000
326.378000	-0.000000
326.552000	-0.000000
326.725000	-0.000000
326.899000	-0.000000
327.073000	-0.000000
327.247000	-0.000000
327.421000	0.000000
327.594000	0.000000
327.768000	-0.000000
327.942000	-0.000000
328.116000	-0.000000
328.289000	-0.000000
328.463000	-0.000000
328.637000	0.000000
328.811000	-0.000000
328.985000	-0.000000
329.158000	-0.000000
329.332000	-0.000000
329.506000	-0.000000
329.680000	-0.000000
329.854000	-0.000000
330.027000	-0.000000
330.201000	0.000000
330.375000	0.000000
330.549000	0.000000
330.723000	-0.000000
330.896000	-0.000000
331.070000	-0.000000
331.244000	-0.000000
331.418000	-0.000000
331.591000	-0.000000
331.765000	-0.000000
331.939000	-0.000000
332.113000	-0.000000
332.287000	-0.000000
332.460000	0.000000
332.634000	0.000000
332.808000	-0.000000
332.982000	-0.000000
333.156000	-0.000000
333.329000	-0.000000
333.503000	-0.000000
333.677000	-0.000000
333.851000	-0.000000
334.024000	-0.000000
334.198000	-0.000000
334.372000	-0.000000
334.546000	-0.000000
334.720000	-0.000000
334.893000	-0.000000
335.067000	-0.000000
335.241000	0.000000
335.415000	-0.000000
335.589000	-0.000000
335.762000	-0.000000
335.936000	-0.000000
336.110000	-0.000000
336.284000	-0.000000
336.458000	-0.000000
336.631000	-0.000000
336.805000	-0.000000
336.979000	-0.000000
337.153000	-0.000000
337.326000	-0.000000
337.500000	-0.000000
337.674000	-0.000000
337.848000	-0.000000
338.022000	-0.000000
338.195000	-0.000000
338.369000	-0.000000
338.543000	-0.000000
338.717000	-0.000000
338.891000	-0.000000
339.064000	0.000000
339.238000	-0.000000
339.412000	-0.000000
339.586000	-0.000000
339.759000	-0.000000
339.933000	-0.000000
340.107000	0.000000
340.281000	-0.000000
340.455000	-0.000000
340.628000	-0.000000
340.802000	-0.000000
340.976000	-0.000000
341.150000	-0.000000
341.324000	-0.000000
341.497000	-0.000000
341.671000	-0.000000
341.845000	-0.000000
342.019000	-0.000000
342.192000	-0.000000
342.366000	-0.000000
342.540000	-0.000000
342.714000	-0.000000
342.888000	-0.000000
343.061000	-0.000000
343.235000	-0.000000
343.409000	-0.000000
343.583000	-0.000000
343.757000	-0.000000
343.930000	-0.000000
344.104000	-0.000000
344.278000	0.000000
344.452000	0.000000
344.626000	-0.000000
344.799000	-0.000000
344.973000	-0.000000
345.147000	-0.000000
345.321000	-0.000000
345.494000	-0.000000
345.668000	0.000000
345.842000	0.000000
346.016000	-0.000000
346.190000	-0.000000
346.363000	-0.000000
346.537000	-0.000000
346.711000	-0.000000
346.885000	-0.000000
347.059000	-0.000000
347.232000	-0.000000
347.406000	0.000000
347.580000	-0.000000
347.754000	-0.000000
347.927000	0.000000
348.101000	0.000000
348.275000	-0.000000
348.449000	-0.000000
348.623000	-0.000000
348.796000	-0.000000
348.970000	0.000000
349.144000	0.000000
349.318000	-0.000000
349.492000	-0.000000
349.665000	-0.000000
349.839000	-0.000000
350.013000	-0.000000
350.187000	-0.000000
350.361000	-0.000000
350.534000	-0.000000
350.708000	-0.000000
350.882000	-0.000000
351.056000	0.000000
351.229000	-0.000000
351.403000	-0.000000
351.577000	-0.000000
351.751000	-0.000000
351.925000	-0.000000
352.098000	-0.000000
352.272000	-0.000000
352.446000	-0.000000
352.620000	-0.000000
352.794000	-0.000000
352.967000	-0.000000
353.141000	0.000000
353.315000	0.000000
353.489000	-0.000000
353.662000	-0.000000
353.836000	-0.000000
354.010000	-0.000000
354.184000	-0.000000
354.358000	-0.000000
354.531000	-0.000000
354.705000	-0.000000
354.879000	-0.000000
355.053000	-0.000000
355.227000	0.000000
355.400000	-0.000000
355.574000	-0.000000
355.748000	0.000000
355.922000	-0.000000
356.095000	-0.000000
356.269000	-0.000000
356.443000	-0.000000
356.617000	-0.000000
356.791000	-0.000000
356.964000	-0.000000
357.138000	-0.000000
357.312000	-0.000000
357.486000	-0.000000
357.660000	-0.000000
357.833000	-0.000000
358.007000	-0.000000
358.181000	-0.000000
358.355000	-0.000000
358.529000	-0.000000
358.702000	-0.000000
358.876000	-0.000000
359.050000	-0.000000
359.224000	-0.000000
359.397000	-0.000000
359.571000	-0.000000
359.745000	-0.000000
359.919000	-0.000000
360.093000	0.004840
360.266000	0.118069
360.440000	0.073981
360.614000	0.122958
360.788000	0.019496
360.962000	-0.145461
361.135000	0.004871
361.309000	-0.195087
361.483000	-0.312957
361.657000	-0.285677
361.830000	-0.237666
362.004000	-0.075926
362.178000	-0.330520
362.352000	-0.262254
362.526000	-0.118267
362.699000	-0.138767
362.873000	-0.439556
363.047000	-0.364967
363.221000	-0.363210
363.395000	-0.140325
363.568000	-0.109725
363.742000	-0.225869
363.916000	-0.188143
364.090000	-0.211345
364.263000	-0.196985
364.437000	-0.337622
364.611000	-0.109225
364.785000	-0.172126
364.959000	-0.244088
365.132000	-0.263534
365.306000	-0.380668
365.480000	-0.175032
365.656000	-0.202016
365.831000	-0.215367
366.007000	-0.178676
366.183000	-0.198072
366.358000	-0.333375
366.534000	-0.259713
366.710000	-0.421832
366.886000	-0.233696
367.061000	-0.045381
367.237000	0.056315
367.413000	-0.141013
367.588000	-0.438075
367.764000	-0.434504
367.940000	-0.443532
368.115000	-0.285708
368.291000	-0.183123
368.467000	-0.175587
368.643000	0.034292
368.818000	-0.288812
368.994000	-0.440789
369.170000	-0.279650
369.345000	-0.154323
369.521000	-0.207165
369.697000	-0.077234
369.872000	-0.146654
370.048000	-0.318209
370.224000	-0.304372
370.399000	-0.566181
370.575000	-0.383423
370.751000	-0.494678
370.927000	-0.442581
371.102000	-0.310903
371.278000	-0.297452
371.454000	-0.245826
371.629000	-0.059094
371.805000	-0.082652
371.981000	-0.017921
372.156000	0.166095
372.332000	0.029032
372.508000	0.029541
372.683000	-0.005873
372.859000	-0.207018
373.035000	-0.215219
373.211000	0.131972
373.386000	-0.005985
373.562000	-0.476998
373.738000	-0.486977
373.913000	-0.634736
374.089000	-0.517500
374.265000	-0.256818
374.440000	-0.234995
374.616000	-0.036075
374.792000	-0.239817
374.968000	0.140584
375.143000	-0.058966
375.319000	-0.376441
375.495000	-0.424375
375.670000	-0.311413
375.846000	-0.165924
376.022000	-0.269452
376.197000	-0.243479
376.373000	-0.455498
376.549000	-0.453935
376.724000	-0.560877
376.900000	-0.435666
377.076000	-0.320565
377.252000	-0.034282
377.427000	0.063247
377.603000	-0.337583
377.779000	-0.366821
377.954000	-0.407116
378.130000	-0.223096
378.306000	-0.236813
378.481000	-0.212832
378.657000	-0.240363
378.833000	-0.342798
379.009000	-0.260713
379.184000	-0.098046
379.360000	-0.085753
379.536000	-0.184457
379.711000	-0.304724
379.887000	-0.340663
380.063000	-0.268495
380.238000	-0.408453
380.414000	-0.160162
380.590000	-0.271449
380.765000	-0.253336
380.941000	-0.148027
381.117000	-0.079199
381.293000	-0.107232
381.468000	-0.267885
381.644000	-0.232232
381.820000	-0.119052
381.995000	0.000000
382.171000	0.149545
382.347000	0.103406
382.522000	-0.279914
382.698000	0.045470
382.874000	0.005675
383.050000	-0.262794
383.225000	0.079852
383.401000	0.263232
383.577000	-0.063394
383.752000	-0.293900
383.928000	-0.231208
384.104000	-0.098269
384.279000	-0.156199
384.455000	-0.140543
384.631000	-0.270237
384.806000	-0.386760
384.982000	-0.146550
385.158000	-0.278574
385.334000	-0.156751
385.509000	-0.084323
385.685000	-0.296923
385.861000	-0.154187
386.036000	-0.405500
386.212000	-0.603976
386.388000	-0.379744
386.563000	-0.412466
386.739000	-0.388664
386.915000	-0.561399
387.090000	-0.204082
387.266000	-0.084739
387.442000	-0.095947
387.618000	-0.117586
387.793000	-0.406617
387.969000	-0.564456
388.145000	-0.405243
388.320000	-0.359991
388.496000	-0.349634
388.672000	-0.534922
388.847000	-0.133737
389.023000	-0.134598
389.199000	-0.417176
389.375000	-0.322314
389.550000	-0.319869
389.726000	-0.215630
389.902000	-0.406740
390.077000	-0.262404
390.253000	-0.172397
390.429000	-0.274098
390.604000	-0.222205
390.780000	-0.143715
390.956000	-0.252300
391.131000	-0.317510
391.307000	0.010956
391.483000	-0.197139
391.659000	-0.439521
391.834000	-0.175053
392.010000	-0.180279
392.186000	-0.224218
392.361000	-0.186338
392.537000	-0.379947
392.713000	-0.053880
392.888000	0.188859
393.064000	-0.081230
393.240000	-0.259278
393.416000	-0.273789
393.591000	-0.394725
393.767000	-0.547861
393.943000	-0.374940
394.118000	-0.079898
394.294000	0.111783
394.470000	0.090259
394.645000	0.058217
394.821000	0.340683
394.997000	0.026450
395.172000	-0.184173
395.348000	-0.258350
395.524000	-0.517583
395.700000	-0.371564
395.875000	-0.167151
396.051000	-0.187799
396.227000	-0.215477
396.402000	-0.258889
396.578000	-0.121209
396.754000	-0.324964
396.929000	-0.349602
397.105000	-0.098993
397.281000	-0.098961
397.457000	-0.244086
397.632000	-0.313455
397.808000	-0.589531
397.984000	-0.627554
398.159000	-0.452010
398.335000	-0.295491
398.511000	0.139711
398.686000	-0.160241
398.862000	-0.359390
399.038000	-0.460883
399.213000	-0.259938
399.389000	-0.564746
399.565000	-0.276460
399.741000	-0.015342
399.916000	-0.020653
400.092000	0.215799
400.268000	-0.188544
400.443000	-0.407368
400.619000	-0.005147
400.795000	-0.185971
400.970000	-0.265070
401.146000	-0.250755
401.322000	-0.066976
401.497000	0.339784
401.673000	0.124195
401.849000	-0.154729
402.025000	-0.061630
402.200000	-0.276578
402.376000	-0.302055
402.552000	0.128519
402.727000	-0.112567
402.903000	-0.469744
403.079000	-0.291233
403.254000	0.015341
403.430000	-0.162548
403.606000	-0.203520
403.782000	-0.152449
403.957000	-0.372013
404.133000	-0.562016
404.309000	-0.362645
404.484000	-0.066163
404.660000	-0.091866
404.841000	-0.219591
405.023000	0.066025
405.204000	-0.168098
405.385000	-0.491251
405.566000	-0.448288
405.748000	-0.226482
405.929000	-0.056903
406.110000	-0.030679
406.292000	-0.187300
406.473000	-0.268958
406.654000	-0.398971
406.835000	-0.168218
407.017000	-0.223444
407.198000	-0.251081
407.379000	-0.195303
407.560000	-0.221032
407.742000	-0.278433
407.923000	-0.274888
408.104000	-0.374909
408.286000	-0.171907
408.467000	-0.196699
408.648000	-0.424968
408.829000	-0.408349
409.011000	-0.217049
409.192000	-0.461126
409.373000	-0.359295
409.555000	-0.091105
409.736000	-0.065357
409.917000	-0.282583
410.098000	-0.280713
410.280000	-0.194081
410.461000	-0.198704
410.642000	-0.129396
410.823000	0.139299
411.005000	0.034869
411.186000	-0.199385
411.367000	-0.174612
411.549000	-0.179472
411.730000	-0.019936
411.911000	0.004976
412.092000	-0.223230
412.274000	-0.290475
412.455000	-0.133204
412.636000	-0.113574
412.818000	-0.319694
412.999000	-0.468970
413.180000	-0.348938
413.361000	-0.315706
413.543000	-0.318926
413.724000	-0.337686
413.905000	-0.357273
414.087000	-0.402160
414.268000	-0.426856
414.449000	-0.408215
414.630000	-0.551281
414.812000	-0.637799
414.993000	-0.241345
415.174000	-0.130388
415.355000	-0.233233
415.537000	-0.416026
415.718000	-0.164644
415.899000	-0.289683
416.081000	-0.432738
416.262000	-0.225521
416.443000	-0.258460
416.624000	-0.276963
416.806000	-0.263142
416.987000	-0.182679
417.168000	-0.248485
417.350000	-0.363085
417.531000	-0.394143
417.712000	-0.327635
417.893000	-0.104425
418.075000	-0.080390
418.256000	-0.303521
418.437000	-0.219035
418.618000	-0.175545
418.800000	-0.061581
418.981000	-0.240388
419.162000	-0.220108
419.344000	-0.018856
419.525000	-0.236968
419.706000	-0.317889
419.887000	-0.018940
420.069000	0.104063
420.250000	-0.080391
420.431000	-0.141521
420.613000	-0.156411
420.794000	-0.375147
420.975000	-0.098692
421.156000	-0.339025
421.338000	-0.348159
421.519000	-0.291641
421.700000	-0.363273
421.882000	-0.419813
422.063000	-0.159985
422.244000	0.355805
422.425000	0.103390
422.607000	-0.223189
422.788000	-0.217427
422.969000	-0.276946
423.150000	-0.296064
423.332000	-0.365499
423.513000	-0.183333
423.694000	-0.155942
423.876000	-0.207293
424.057000	-0.103663
424.238000	-0.028378
424.419000	-0.004743
424.601000	-0.161256
424.782000	-0.203735
424.963000	0.042288
425.145000	-0.164904
425.326000	-0.145430
425.507000	-0.074950
425.688000	-0.193036
425.870000	-0.363977
426.051000	-0.417822
426.232000	-0.305126
426.413000	-0.330530
426.595000	-0.394559
426.776000	-0.408462
426.957000	-0.367787
427.139000	-0.281717
427.320000	-0.188642
427.501000	-0.061547
427.682000	-0.056535
427.864000	-0.032960
428.045000	0.099169
428.226000	0.009479
428.408000	-0.317228
428.589000	-0.122580
428.770000	-0.155229
428.951000	-0.291148
429.133000	-0.388601
429.314000	-0.168313
429.495000	-0.260951
429.677000	-0.238494
429.858000	-0.234070
430.039000	-0.253093
430.220000	-0.178134
430.402000	-0.144865
430.583000	-0.327880
430.764000	-0.172618
430.945000	-0.028047
431.127000	0.009282
431.308000	-0.207891
431.489000	-0.018582
431.671000	0.083959
431.852000	-0.157529
432.033000	-0.259489
432.214000	-0.152613
432.396000	-0.119923
432.577000	-0.258867
432.758000	-0.454218
432.940000	-0.328725
433.121000	-0.180376
433.302000	-0.165950
433.483000	-0.055207
433.665000	-0.046031
433.846000	-0.096645
434.027000	-0.150920
434.208000	-0.333415
434.390000	-0.339229
434.571000	0.045861
434.752000	0.373286
434.934000	0.162984
435.115000	0.077157
435.296000	0.131579
435.477000	0.009048
435.659000	-0.268577
435.840000	-0.188579
436.026000	-0.116394
436.211000	-0.143097
436.397000	-0.418755
436.582000	-0.432139
436.768000	-0.275985
436.953000	-0.306728
437.139000	-0.261704
437.325000	0.070659
437.510000	0.030909
437.696000	0.096884
437.881000	0.087938
438.067000	-0.266674
438.252000	-0.275624
438.438000	-0.209850
438.624000	-0.201116
438.809000	-0.143690
438.995000	-0.086983
439.180000	-0.195108
439.366000	-0.298854
439.551000	-0.285479
439.737000	-0.129500
439.923000	-0.168570
440.108000	-0.289214
440.294000	-0.120496
440.479000	0.077187
440.665000	0.106508
440.850000	-0.008473
441.036000	-0.076434
441.222000	-0.115136
441.407000	-0.293231
441.593000	-0.169257
441.778000	-0.021108
441.964000	0.021199
442.149000	-0.282979
442.335000	-0.327783
442.521000	-0.205687
442.706000	-0.033446
442.892000	-0.075090
443.077000	-0.188354
443.263000	-0.070860
443.448000	-0.145232
443.634000	-0.298975
443.820000	0.094898
444.005000	-0.028863
444.191000	-0.293364
444.376000	-0.189173
444.562000	0.163492
444.747000	0.078064
444.933000	-0.049163
445.119000	-0.155309
445.304000	-0.252928
445.490000	-0.093866
445.675000	-0.065268
445.861000	-0.220865
446.046000	-0.236707
446.232000	-0.089662
446.418000	-0.069207
446.603000	-0.126187
446.789000	-0.040662
446.974000	-0.126432
447.160000	-0.361675
447.345000	-0.238504
447.531000	-0.226179
447.717000	-0.093463
447.902000	-0.044886
448.088000	0.089247
448.273000	-0.104931
448.459000	-0.181101
448.644000	-0.177172
448.830000	-0.234418
449.016000	-0.371526
449.201000	-0.314543
449.387000	-0.133375
449.572000	-0.112828
449.758000	-0.209401
449.943000	-0.250027
450.129000	-0.220914
450.315000	-0.288652
450.500000	-0.252790
450.686000	-0.172856
450.871000	-0.285687
451.057000	-0.120506
451.243000	-0.128392
451.428000	-0.128564
451.614000	-0.144293
451.799000	-0.260373
451.985000	-0.056056
452.170000	0.080003
452.356000	-0.159892
452.542000	-0.188098
452.727000	-0.019947
452.913000	-0.143859
453.098000	0.039957
453.284000	0.239649
453.469000	0.000000
453.655000	0.063871
453.841000	0.043842
454.026000	-0.138888
454.212000	-0.091008
454.397000	-0.071320
454.583000	-0.247798
454.768000	-0.337871
454.954000	-0.126432
455.140000	-0.098607
455.325000	-0.200700
455.511000	-0.308443
455.696000	-0.340110
455.882000	-0.185458
456.067000	0.047374
456.253000	-0.086857
456.439000	-0.252639
456.624000	-0.275414
456.810000	-0.294275
456.995000	-0.282885
457.181000	-0.309569
457.366000	-0.101365
457.552000	-0.108714
457.738000	-0.058175
457.923000	-0.108784
458.109000	0.155878
458.294000	0.105112
458.480000	0.054570
458.665000	-0.015545
458.851000	-0.155176
459.037000	-0.312141
459.222000	-0.211963
459.408000	-0.142597
459.593000	-0.115061
459.779000	-0.053523
459.964000	0.088086
460.150000	0.176484
460.336000	0.080487
460.521000	-0.091349
460.707000	-0.140502
460.892000	-0.227399
461.078000	-0.129161
461.263000	-0.045382
461.449000	-0.182178
461.635000	-0.144069
461.820000	-0.087025
462.006000	0.011303
462.191000	-0.086336
462.377000	-0.269475
462.562000	0.041301
462.748000	0.262160
462.934000	-0.029997
463.119000	-0.276189
463.305000	-0.089193
463.490000	-0.133141
463.676000	-0.126064
463.861000	-0.096823
464.047000	-0.096517
464.233000	-0.051629
464.418000	-0.110515
464.604000	-0.242600
464.789000	0.003678
464.975000	0.025667
465.160000	-0.179974
465.346000	-0.201898
465.532000	-0.235277
465.717000	-0.275269
465.903000	-0.051302
466.088000	-0.073197
466.274000	-0.207549
466.459000	-0.185917
466.645000	0.105864
466.831000	0.054414
467.016000	0.108649
467.202000	0.000000
467.387000	-0.130594
467.573000	-0.274586
467.758000	-0.010793
467.944000	-0.035961
468.130000	-0.216880
468.315000	-0.115732
468.501000	0.003604
468.686000	-0.122229
468.872000	-0.100693
469.057000	-0.028762
469.243000	-0.064805
469.429000	-0.143904
469.614000	-0.208161
469.800000	-0.229702
469.985000	-0.135961
470.171000	-0.035646
470.356000	-0.146689
470.542000	-0.075422
470.728000	-0.007158
470.913000	-0.003561
471.099000	0.007118
471.284000	-0.089606
471.470000	-0.078967
471.655000	-0.111289
471.841000	-0.139565
472.027000	-0.256281
472.212000	-0.074812
472.398000	0.089355
472.583000	-0.028624
472.769000	-0.100371
472.954000	-0.143164
473.140000	-0.306486
473.326000	-0.303311
473.511000	0.024928
473.697000	0.039219
473.882000	-0.114561
474.068000	-0.143474
474.253000	-0.210716
474.439000	-0.153817
474.625000	-0.071412
474.810000	-0.107195
474.996000	-0.164365
475.181000	-0.323955
475.367000	-0.117599
475.552000	0.143357
475.738000	-0.131859
475.924000	-0.139299
476.109000	0.035703
476.295000	-0.110739
476.480000	-0.110853
476.666000	-0.099973
476.851000	-0.128469
477.037000	-0.043047
477.223000	-0.182231
477.408000	-0.253764
477.594000	-0.349936
477.779000	-0.221842
477.965000	-0.182547
478.151000	-0.314918
478.336000	-0.157604
478.522000	-0.171521
478.707000	-0.239390
478.893000	-0.132474
479.078000	-0.262014
479.264000	-0.287212
479.450000	-0.240637
479.635000	-0.114775
479.821000	-0.215581
480.006000	-0.161563
480.192000	-0.168584
480.377000	-0.097057
480.563000	-0.017956
480.749000	-0.273106
480.934000	-0.315890
481.120000	-0.139483
481.305000	-0.035716
481.491000	-0.121928
481.676000	-0.104231
481.862000	-0.050435
482.048000	-0.121823
482.233000	-0.082312
482.419000	-0.125541
482.604000	-0.165166
482.790000	-0.208257
482.975000	-0.208450
483.161000	0.025083
483.347000	-0.014310
483.532000	-0.085877
483.718000	-0.269251
483.903000	-0.204919
484.089000	-0.164974
484.274000	-0.329428
484.460000	-0.190160
484.646000	-0.068176
484.831000	-0.201085
485.017000	-0.139602
485.202000	-0.160774
485.388000	0.003570
485.573000	0.039197
485.759000	-0.146468
485.945000	0.000000
486.130000	-0.149957
486.316000	-0.110726
486.501000	0.010687
486.687000	-0.170751
486.872000	-0.213633
487.058000	-0.117576
487.244000	-0.117649
487.429000	-0.188403
487.615000	-0.021333
487.800000	-0.024884
487.986000	-0.159359
488.171000	-0.099386
488.357000	-0.176875
488.543000	-0.105738
488.728000	-0.056412
488.914000	-0.123482
489.099000	-0.151615
489.285000	-0.176170
489.470000	-0.003515
489.656000	-0.017586
489.842000	0.014015
490.027000	0.153697
490.213000	-0.069979
490.398000	-0.357781
490.584000	-0.111854
490.769000	-0.139817
490.955000	-0.080256
491.141000	-0.034817
491.326000	-0.076329
491.512000	0.100569
491.697000	0.003461
491.883000	-0.141951
492.068000	-0.214684
492.254000	-0.201191
492.440000	-0.045068
492.625000	-0.117519
492.811000	-0.155226
492.996000	-0.065450
493.182000	-0.072109
493.367000	-0.268595
493.553000	-0.310002
493.739000	-0.271705
493.924000	-0.192821
494.110000	-0.102970
494.295000	-0.260064
494.481000	-0.150749
494.666000	-0.068571
494.852000	0.068461
495.038000	-0.150306
495.223000	-0.335273
495.409000	-0.211613
495.594000	-0.208545
495.780000	-0.173903
495.965000	-0.191145
496.151000	-0.040910
496.337000	0.034060
496.522000	-0.223927
496.708000	-0.156637
496.893000	0.027240
497.079000	-0.074720
497.264000	-0.155935
497.450000	-0.128866
497.636000	0.054309
497.821000	-0.111720
498.007000	0.091410
498.192000	0.095148
498.378000	-0.105158
498.563000	-0.149304
498.749000	-0.132472
498.935000	-0.101748
499.120000	0.016917
499.306000	-0.135528
499.491000	-0.223017
499.677000	-0.165523
499.862000	-0.061035
500.048000	0.057745
500.234000	-0.044047
500.419000	-0.016972
500.605000	0.033974
500.790000	-0.128958
500.976000	-0.190349
501.161000	-0.231076
501.347000	-0.098543
501.533000	0.037402
501.718000	-0.067964
501.904000	-0.136245
502.089000	-0.020467
502.275000	0.051035
502.460000	-0.044100
502.646000	0.023774
502.832000	0.088349
503.017000	-0.027239
503.203000	-0.238678
503.388000	-0.263177
503.574000	-0.153402
503.759000	-0.068160
503.945000	0.047794
504.131000	-0.003414
504.316000	-0.085293
504.502000	-0.068261
504.687000	-0.095820
504.873000	-0.308165
505.058000	-0.352634
505.244000	-0.311475
505.430000	-0.192038
505.615000	-0.089274
505.801000	-0.082555
505.986000	-0.198547
506.172000	-0.113035
506.358000	-0.116725
506.543000	-0.144112
506.729000	0.000000
506.914000	-0.037849
507.100000	0.110484
507.285000	-0.127962
507.471000	-0.179638
507.657000	0.034542
507.842000	-0.079336
508.028000	-0.214008
508.213000	-0.200701
508.399000	-0.280870
508.584000	-0.100658
508.770000	-0.058902
508.956000	-0.128300
509.141000	-0.079683
509.327000	-0.048603
509.512000	-0.138316
509.698000	-0.141989
509.883000	-0.055565
510.069000	-0.128840
510.255000	-0.101028
510.440000	-0.038368
510.626000	-0.101100
510.811000	-0.192018
510.997000	-0.125711
511.182000	0.083708
511.368000	-0.006983
511.554000	-0.282987
511.739000	-0.178061
511.925000	0.045417
512.110000	-0.038393
512.296000	0.034990
512.481000	0.118823
512.667000	0.034986
512.853000	-0.216948
513.038000	-0.154179
513.224000	-0.119168
513.409000	-0.231302
513.595000	-0.098286
513.780000	-0.199981
513.966000	-0.150498
514.152000	-0.161018
514.337000	-0.245127
514.523000	-0.178609
514.708000	-0.063103
514.894000	-0.080854
515.079000	-0.192591
515.265000	-0.214335
515.451000	-0.232000
515.636000	-0.330182
515.822000	-0.193432
516.007000	-0.225120
516.193000	-0.091365
516.378000	-0.017600
516.564000	-0.087874
516.750000	-0.087904
516.935000	0.007036
517.121000	0.052759
517.306000	0.091532
517.492000	0.024680
517.677000	-0.246525
517.863000	-0.200779
518.049000	-0.084565
518.234000	-0.197169
518.420000	-0.042303
518.605000	0.137438
518.791000	0.095102
518.976000	-0.141451
519.162000	-0.229436
519.348000	-0.038836
519.533000	-0.077559
519.719000	0.074108
519.904000	-0.017665
520.090000	-0.024681
520.275000	0.155238
520.461000	0.134335
520.647000	-0.130775
520.832000	-0.343772
521.018000	-0.229765
521.203000	-0.158547
521.389000	-0.323906
521.574000	-0.274898
521.760000	-0.127044
521.946000	-0.074334
522.131000	-0.106283
522.317000	-0.106119
522.502000	-0.127288
522.688000	-0.060135
522.873000	-0.070814
523.059000	-0.113382
523.245000	-0.194694
523.430000	-0.297728
523.616000	-0.226777
523.801000	-0.262558
523.987000	-0.302128
524.172000	-0.138609
524.358000	-0.021334
524.544000	-0.138441
524.729000	-0.063726
524.915000	-0.046135
525.100000	-0.188014
525.286000	-0.095923
525.471000	-0.046315
525.657000	0.003566
525.843000	-0.142824
526.028000	-0.017866
526.214000	-0.100009
526.399000	-0.168358
526.585000	-0.182724
526.770000	-0.261515
526.956000	-0.186750
527.142000	-0.233395
527.327000	-0.100655
527.513000	-0.194361
527.698000	-0.190976
527.884000	-0.119342
528.069000	-0.119102
528.255000	-0.054208
528.441000	-0.177293
528.626000	-0.087104
528.812000	0.119672
528.997000	-0.050872
529.183000	-0.232460
529.368000	-0.083928
529.554000	-0.106103
529.740000	-0.135754
529.925000	-0.201839
530.111000	-0.183693
530.296000	-0.128775
530.482000	-0.051637
530.667000	-0.088556
530.853000	0.022210
531.039000	-0.115002
531.224000	-0.108160
531.410000	0.026100
531.595000	-0.029856
531.781000	0.003733
531.967000	-0.090082
532.152000	0.007530
532.338000	-0.049044
532.523000	-0.192769
532.709000	-0.178306
532.894000	-0.217308
533.080000	-0.167927
533.266000	-0.240621
533.451000	-0.299020
533.637000	-0.249993
533.822000	-0.019307
534.008000	-0.208331
534.193000	-0.181998
534.379000	-0.089383
534.565000	-0.175584
534.750000	-0.140988
534.936000	0.145455
535.121000	-0.035472
535.307000	-0.059223
535.492000	-0.075136
535.678000	-0.242669
535.864000	-0.155917
536.049000	0.168879
536.235000	-0.040254
536.420000	-0.186016
536.606000	-0.202770
536.791000	-0.208053
536.977000	-0.220843
537.163000	-0.008211
537.348000	-0.099110
537.534000	-0.012472
537.719000	-0.183376
537.905000	-0.280319
538.090000	-0.046205
538.276000	0.029507
538.462000	0.042290
538.647000	0.038215
538.833000	-0.136619
539.018000	-0.055761
539.204000	-0.042923
539.389000	-0.207440
539.575000	0.086505
539.761000	-0.017387
539.946000	-0.231470
540.132000	-0.048228
540.317000	-0.263819
540.503000	-0.154226
540.688000	-0.110855
540.874000	0.022239
541.060000	0.182295
541.245000	0.044671
541.431000	-0.116585
541.616000	-0.071941
541.802000	-0.126005
541.987000	-0.045130
542.173000	0.095136
542.359000	-0.045356
542.544000	-0.013587
542.730000	-0.154600
542.915000	-0.177763
543.101000	0.041046
543.286000	-0.164526
543.472000	-0.308113
543.658000	-0.115051
543.843000	-0.059974
544.029000	0.092564
544.214000	0.009268
544.400000	-0.301557
544.585000	-0.199930
544.771000	-0.200584
544.957000	0.046748
545.142000	0.159075
545.328000	0.248622
545.513000	0.267885
545.699000	0.236001
545.884000	0.080295
546.070000	0.042529
546.261000	0.056911
546.451000	-0.142720
546.642000	-0.386009
546.833000	-0.257783
547.023000	-0.367497
547.214000	-0.234807
547.405000	-0.028747
547.595000	0.134324
547.786000	0.120394
547.977000	-0.096578
548.167000	-0.314142
548.358000	-0.242714
548.549000	0.160781
548.740000	-0.009744
548.930000	-0.346043
549.121000	-0.303047
549.312000	-0.279673
549.502000	-0.329533
549.693000	-0.230978
549.884000	-0.162225
550.074000	-0.024666
550.265000	-0.267027
550.456000	-0.203236
550.646000	-0.144093
550.837000	-0.104379
551.028000	-0.184153
551.218000	-0.014927
551.409000	-0.139931
551.600000	-0.150054
551.790000	-0.015065
551.981000	-0.230980
552.172000	-0.196196
552.362000	0.150854
552.553000	0.192053
552.744000	-0.080811
552.934000	-0.106156
553.125000	-0.238011
553.316000	-0.197624
553.506000	0.192954
553.697000	0.035676
553.888000	-0.086491
554.079000	-0.025458
554.269000	0.066258
554.460000	-0.229934
554.651000	-0.265975
554.841000	-0.389169
555.032000	-0.312838
555.223000	-0.154070
555.413000	-0.010226
555.604000	-0.112962
555.795000	-0.108111
555.985000	-0.015476
556.176000	-0.231719
556.367000	-0.447892
556.557000	-0.330583
556.748000	-0.320876
556.939000	-0.273875
557.129000	-0.289133
557.320000	-0.123991
557.511000	-0.232050
557.701000	-0.231683
557.892000	-0.072368
558.083000	0.072290
558.273000	0.030987
558.464000	-0.216923
558.655000	-0.237377
558.845000	-0.252115
559.036000	-0.118424
559.227000	-0.056679
559.418000	-0.005162
559.608000	0.041281
559.799000	-0.221608
559.990000	-0.266567
560.180000	-0.307980
560.371000	-0.498658
560.562000	-0.354174
560.752000	-0.200368
560.943000	-0.344381
561.134000	-0.430603
561.324000	-0.199681
561.515000	-0.010221
561.706000	-0.179068
561.896000	-0.454355
562.087000	-0.270266
562.278000	-0.254869
562.468000	-0.433708
562.659000	-0.407080
562.850000	-0.056009
563.040000	0.066193
563.231000	-0.249692
563.422000	-0.167607
563.612000	-0.294907
563.803000	-0.274069
563.994000	-0.383876
564.185000	-0.403403
564.375000	-0.136306
564.566000	-0.297492
564.757000	-0.374164
564.947000	-0.363619
565.138000	-0.171127
565.329000	-0.236082
565.519000	-0.396614
565.710000	-0.296504
565.901000	-0.065377
566.091000	-0.030152
566.282000	-0.150412
566.473000	-0.149946
566.663000	-0.229650
566.854000	-0.472397
567.045000	-0.238065
567.235000	-0.128928
567.426000	-0.153666
567.617000	-0.069148
567.807000	-0.088942
567.998000	-0.098624
568.189000	-0.310589
568.379000	-0.236039
568.570000	-0.132587
568.761000	-0.230313
568.951000	-0.278872
569.142000	-0.249852
569.333000	-0.298838
569.524000	-0.356286
569.714000	-0.331853
569.905000	-0.472567
570.096000	-0.112031
570.286000	-0.058372
570.477000	-0.024256
570.668000	-0.135705
570.858000	-0.067849
571.049000	-0.193173
571.240000	-0.246420
571.430000	-0.120636
571.621000	-0.182716
571.812000	-0.110141
572.002000	-0.167903
572.193000	-0.301733
572.384000	-0.181920
572.574000	-0.239560
572.765000	-0.277384
572.956000	-0.295586
573.146000	0.000000
573.337000	-0.162016
573.528000	-0.280656
573.718000	-0.170800
573.909000	0.099491
574.100000	0.037766
574.290000	-0.183523
574.481000	-0.272321
574.672000	-0.267933
574.863000	-0.060864
575.053000	-0.135516
575.244000	-0.139856
575.435000	-0.246841
575.625000	-0.268936
575.816000	-0.208399
576.007000	-0.129671
576.197000	-0.143791
576.388000	-0.133991
576.579000	0.023094
576.769000	0.004613
576.960000	-0.285818
577.155000	-0.459724
577.350000	-0.174480
577.545000	-0.054997
577.740000	-0.274168
577.935000	0.136801
578.130000	0.127780
578.326000	-0.263880
578.521000	-0.072760
578.716000	-0.027160
578.911000	-0.302947
579.106000	-0.333341
579.301000	-0.175143
579.496000	-0.228313
579.691000	-0.460711
579.886000	-0.298904
580.081000	-0.146995
580.276000	-0.111087
580.471000	-0.284334
580.666000	-0.439066
580.861000	-0.363542
581.057000	-0.328288
581.252000	-0.195244
581.447000	-0.332057
581.642000	-0.394703
581.837000	-0.363170
582.032000	-0.304725
582.227000	-0.118547
582.422000	-0.083267
582.617000	-0.170140
582.812000	-0.282838
583.007000	-0.247893
583.202000	-0.290847
583.397000	-0.077865
583.592000	0.056137
583.788000	-0.193701
583.983000	-0.137612
584.178000	-0.077284
584.373000	-0.295366
584.568000	-0.299019
584.763000	-0.307862
584.958000	-0.367698
585.153000	-0.269379
585.348000	-0.260685
585.543000	-0.149727
585.738000	-0.166763
585.933000	-0.350718
586.128000	-0.205226
586.324000	-0.120028
586.519000	-0.162777
586.714000	-0.098601
586.909000	0.004295
587.104000	0.064634
587.299000	-0.051559
587.494000	-0.047198
587.689000	-0.111780
587.884000	-0.107804
588.079000	-0.194061
588.274000	-0.181457
588.469000	-0.198341
588.664000	-0.112253
588.859000	-0.125386
589.055000	-0.129859
589.250000	-0.207874
589.445000	-0.420586
589.640000	-0.347155
589.835000	-0.017399
590.030000	0.026091
590.225000	-0.039144
590.420000	-0.143727
590.615000	-0.257196
590.810000	-0.322225
591.005000	-0.222983
591.200000	-0.284311
591.395000	-0.332375
591.591000	-0.187731
591.786000	-0.104692
591.981000	-0.179378
592.176000	-0.105216
592.371000	-0.131571
592.566000	-0.179683
592.761000	0.013146
592.956000	0.043893
593.151000	0.008783
593.346000	-0.079266
593.541000	-0.039592
593.736000	-0.075015
593.931000	-0.282532
594.126000	-0.194529
594.322000	-0.145891
594.517000	-0.287302
594.712000	-0.371446
594.907000	-0.403848
595.102000	-0.262179
595.297000	-0.119902
595.492000	-0.057854
595.687000	-0.254175
595.882000	-0.267687
596.077000	-0.210095
596.272000	-0.080446
596.467000	-0.067060
596.662000	-0.196901
596.857000	-0.157251
597.053000	-0.247525
597.248000	-0.143952
597.443000	-0.072072
597.638000	-0.108368
597.833000	-0.275698
598.028000	-0.108334
598.223000	0.027136
598.418000	-0.135924
598.613000	-0.244632
598.808000	-0.167747
599.003000	-0.181544
599.198000	-0.368090
599.393000	-0.290749
599.589000	-0.063775
599.784000	-0.364679
599.979000	-0.273913
600.174000	0.068526
600.369000	-0.096036
600.564000	-0.160268
600.759000	0.050429
600.954000	0.169339
601.149000	0.059680
601.344000	-0.229770
601.539000	-0.119620
601.734000	-0.124059
601.929000	-0.428390
602.124000	-0.456409
602.320000	-0.189346
602.515000	0.096997
602.710000	-0.018514
602.905000	-0.273041
603.100000	-0.286463
603.295000	-0.245330
603.490000	-0.162474
603.685000	-0.139287
603.880000	-0.153403
604.075000	-0.288940
604.270000	-0.308233
604.465000	-0.256666
604.660000	-0.368964
604.856000	-0.326688
605.051000	-0.210418
605.246000	-0.196229
605.441000	-0.369367
605.636000	-0.434949
605.831000	-0.257700
606.026000	-0.351264
606.221000	-0.473683
606.416000	-0.267667
606.611000	-0.037605
606.806000	0.023482
607.001000	0.225714
607.196000	-0.047067
607.391000	-0.296939
607.587000	-0.118072
607.782000	-0.151332
607.977000	-0.415179
608.172000	-0.085188
608.367000	0.033128
608.562000	-0.184940
608.757000	-0.213324
608.952000	-0.218573
609.147000	0.246775
609.342000	0.152097
609.537000	-0.223802
609.732000	-0.233695
609.927000	-0.333189
610.122000	-0.367135
610.318000	0.038181
610.513000	0.128928
610.708000	-0.086046
610.903000	-0.071785
611.098000	-0.038367
611.293000	-0.076755
611.488000	-0.110351
611.683000	-0.081707
611.878000	-0.048077
612.073000	0.062518
612.268000	-0.038515
612.463000	0.009650
612.658000	0.019301
612.854000	0.004835
613.049000	-0.077400
613.244000	0.000000
613.439000	0.058106
613.634000	-0.213585
613.829000	-0.082545
614.024000	-0.165482
614.219000	-0.267653
614.414000	0.014609
614.609000	-0.131675
614.804000	-0.317080
614.999000	-0.365528
615.194000	-0.263864
615.389000	-0.181009
615.585000	-0.372483
615.780000	-0.201113
615.975000	-0.206429
616.170000	-0.186904
616.365000	-0.049235
616.560000	0.054211
616.755000	0.014830
616.950000	-0.069236
617.145000	-0.064349
617.340000	-0.213051
617.535000	-0.376549
617.730000	-0.114111
617.925000	-0.233562
618.120000	-0.352938
618.316000	0.114582
618.511000	-0.019946
618.706000	-0.325262
618.901000	-0.200058
619.096000	-0.090369
619.291000	-0.250806
619.486000	-0.120768
619.681000	-0.332373
619.876000	-0.463109
620.071000	-0.287178
620.266000	-0.101009
620.461000	-0.015179
620.656000	-0.030414
620.852000	-0.121501
621.047000	-0.233447
621.242000	-0.335387
621.437000	-0.091687
621.632000	0.096988
621.827000	-0.148168
622.022000	-0.398826
622.217000	-0.194825
622.412000	-0.071855
622.607000	-0.046238
622.802000	-0.303270
622.997000	-0.335276
623.192000	-0.237252
623.387000	-0.242461
623.583000	-0.449699
623.778000	0.025916
623.973000	0.020747
624.168000	-0.031194
624.363000	-0.025955
624.558000	0.036399
624.753000	-0.213877
624.948000	-0.088847
625.143000	-0.041841
625.338000	-0.057628
625.533000	-0.178178
625.728000	-0.141647
625.923000	-0.015749
626.119000	-0.026309
626.314000	-0.279140
626.509000	-0.396224
626.704000	-0.280737
626.899000	-0.249171
627.094000	-0.408783
627.289000	-0.292659
627.484000	-0.277347
627.679000	-0.266919
627.874000	-0.187084
628.069000	0.042825
628.264000	-0.010696
628.459000	-0.225153
628.654000	-0.300477
628.850000	-0.317683
629.045000	-0.231790
629.240000	-0.323750
629.435000	-0.334977
629.630000	-0.092022
629.825000	-0.097432
630.020000	-0.135856
630.215000	-0.391051
630.410000	-0.305356
630.605000	-0.267405
630.800000	-0.223713
630.995000	-0.010937
631.190000	0.213736
631.385000	-0.076772
631.581000	-0.175778
631.776000	-0.109932
631.971000	-0.325347
632.166000	-0.281449
632.361000	-0.397713
632.556000	-0.298702
632.751000	-0.061043
632.946000	-0.299765
633.141000	-0.389767
633.336000	-0.323456
633.531000	-0.307671
633.726000	-0.251421
633.921000	-0.229694
634.117000	-0.482865
634.312000	-0.578897
634.507000	-0.495127
634.702000	-0.372010
634.897000	-0.282228
635.092000	-0.192421
635.287000	-0.102076
635.482000	-0.210373
635.677000	-0.125127
635.872000	-0.045506
636.067000	-0.034208
636.262000	-0.206049
636.457000	-0.490233
636.652000	-0.508092
636.848000	-0.354726
637.043000	-0.287255
637.238000	-0.449291
637.433000	-0.530334
637.628000	-0.472671
637.823000	-0.236683
638.018000	-0.046271
638.213000	-0.191294
638.408000	-0.330725
638.603000	-0.371873
638.798000	-0.366594
638.993000	-0.314828
639.188000	-0.291608
639.383000	-0.332714
639.579000	0.000000
639.774000	-0.181264
639.969000	-0.333432
640.164000	-0.422140
640.359000	-0.440203
640.554000	-0.176309
640.749000	-0.064825
640.944000	-0.059060
641.139000	-0.188605
641.334000	-0.431028
641.529000	-0.804611
641.724000	-0.556812
641.919000	-0.368034
642.115000	-0.089254
642.310000	-0.053476
642.505000	-0.124734
642.700000	-0.136861
642.895000	-0.244712
643.090000	-0.125301
643.285000	0.005967
643.480000	-0.059811
643.675000	-0.053876
643.870000	0.287891
644.065000	0.060094
644.260000	-0.354462
644.455000	-0.228724
644.650000	-0.211189
644.846000	-0.229296
645.041000	-0.542841
645.236000	-0.665087
645.431000	-0.629713
645.626000	-0.726154
645.821000	-0.477865
646.016000	-0.467129
646.211000	-0.006078
646.406000	-0.024358
646.601000	-0.042585
646.796000	-0.176384
646.991000	-0.492737
647.186000	-0.566988
647.381000	-0.170816
647.577000	-0.134341
647.772000	-0.128242
647.967000	-0.128493
648.162000	-0.097978
648.357000	-0.239142
648.552000	-0.122588
648.747000	-0.030665
648.942000	-0.061369
649.137000	-0.203136
649.332000	-0.302021
649.527000	-0.246444
649.722000	-0.080067
649.917000	-0.043239
650.113000	-0.283802
650.308000	-0.494270
650.503000	-0.426079
650.698000	-0.303452
650.893000	-0.297471
651.088000	-0.148833
651.283000	-0.062149
651.478000	-0.329392
651.673000	-0.161425
651.868000	-0.217738
652.063000	-0.062335
652.258000	0.131003
652.453000	0.217759
652.648000	-0.124605
652.844000	-0.199512
653.039000	-0.237320
653.234000	-0.487285
653.429000	-0.619581
653.624000	-0.337703
653.819000	0.000000
654.014000	-0.169255
654.209000	-0.257693
654.404000	-0.150688
654.599000	-0.371385
654.794000	-0.377029
654.989000	-0.081931
655.184000	-0.044169
655.380000	-0.466548
655.575000	-0.403546
655.770000	-0.341057
655.965000	-0.233746
656.160000	-0.303398
656.355000	-0.139029
656.550000	-0.158473
656.745000	-0.145894
656.940000	-0.323769
657.135000	-0.291956
657.330000	-0.184134
657.525000	-0.546442
657.720000	-0.254605
657.915000	-0.031796
658.111000	-0.235381
658.306000	0.057300
658.501000	-0.063813
658.696000	-0.338076
658.891000	-0.185071
659.086000	-0.287062
659.281000	-0.351427
659.476000	-0.454304
659.671000	-0.678194
659.866000	-0.422457
660.061000	-0.128104
660.256000	-0.057673
660.451000	-0.096207
660.646000	-0.340379
660.842000	-0.205749
661.037000	-0.302309
661.232000	-0.302742
661.427000	-0.334682
661.622000	-0.444916
661.817000	-0.431903
662.012000	-0.213262
662.207000	-0.388016
662.402000	-0.551072
662.597000	-0.317895
662.792000	-0.453718
662.987000	-0.479252
663.182000	-0.272583
663.378000	-0.350744
663.573000	-0.670654
663.768000	-0.513319
663.963000	-0.240678
664.158000	-0.162472
664.353000	0.398053
664.548000	0.306589
664.743000	-0.071836
664.938000	-0.385263
665.133000	-0.405487
665.328000	0.072048
665.523000	0.013125
665.718000	-0.288790
665.913000	-0.256358
666.109000	-0.092232
666.304000	0.013172
666.499000	-0.243522
666.694000	0.092406
666.889000	0.270586
667.084000	-0.125815
667.279000	-0.304422
667.474000	-0.231756
667.669000	-0.152260
667.864000	-0.119301
668.059000	-0.238965
668.254000	-0.285793
668.449000	-0.452463
668.644000	-0.439557
668.840000	-0.152978
669.035000	-0.306393
669.230000	-0.654968
669.425000	-0.240763
669.620000	-0.320994
669.815000	-0.530215
670.010000	-0.476082
670.205000	-0.181196
670.400000	-0.167475
670.595000	-0.194862
670.790000	-0.228766
670.985000	-0.276154
671.180000	-0.074172
671.376000	-0.398188
671.571000	-0.541113
671.766000	-0.427113
671.961000	-0.481533
672.156000	-0.400645
672.351000	-0.264895
672.546000	-0.272260
672.741000	-0.353164
672.936000	-0.190414
673.131000	0.300035
673.326000	0.054704
673.521000	-0.438008
673.716000	-0.739122
673.911000	-0.828681
674.107000	-0.041169
674.302000	0.192255
674.497000	-0.116859
674.692000	-0.392101
674.887000	-0.421048
675.082000	-0.297253
675.277000	-0.006923
675.472000	-0.277266
675.667000	-0.465132
675.862000	-0.437586
676.057000	-0.333622
676.252000	-0.285571
676.447000	-0.391004
676.643000	-0.272084
676.838000	0.020969
677.033000	-0.195989
677.228000	-0.070171
677.423000	-0.028085
677.618000	-0.302736
677.813000	-0.478466
678.008000	-0.218826
678.203000	-0.268522
678.398000	-0.410595
678.593000	-0.120388
678.788000	-0.127883
678.983000	-0.567675
679.178000	-0.305278
679.374000	-0.369711
679.569000	-0.370508
679.764000	-0.364460
679.959000	-0.580236
680.154000	-0.630508
680.349000	-0.683020
680.544000	-0.588764
680.739000	-0.495685
680.934000	-0.589669
681.129000	-0.533629
681.324000	-0.599268
681.519000	-0.391115
681.714000	-0.347780
681.909000	-0.463143
682.105000	-0.595072
682.300000	-0.160273
682.495000	-0.007281
682.690000	-0.153257
682.885000	-0.292153
683.080000	-0.556631
683.275000	-0.476305
683.470000	-0.139397
683.665000	0.080881
683.860000	0.301985
684.055000	0.125285
684.250000	-0.331960
684.445000	-0.441910
684.641000	0.192070
684.836000	-0.133193
685.031000	-0.334184
685.226000	-0.342073
685.421000	0.082030
685.616000	-0.164060
685.811000	-0.396184
686.006000	-0.029898
686.201000	-0.202080
686.396000	-0.706235
686.591000	-0.383940
686.786000	0.022621
686.981000	-0.173441
687.176000	-0.241895
687.372000	-0.332981
687.567000	0.007571
687.762000	-0.083512
687.957000	-0.144243
688.152000	-0.190197
688.347000	-0.274378
688.542000	-0.603603
688.737000	-0.717894
688.932000	-0.803265
689.127000	-0.543917
689.322000	-0.161336
689.517000	-0.268835
689.712000	-0.454783
689.908000	-0.424379
690.103000	-0.463857
690.298000	-0.394344
690.493000	-0.395376
690.688000	-0.481248
690.883000	-0.280395
691.078000	-0.062331
691.273000	-0.093507
691.468000	-0.312296
691.663000	-0.242950
691.858000	-0.101900
692.053000	-0.172439
692.248000	-0.125538
692.443000	-0.180454
692.639000	-0.125794
692.834000	-0.015763
693.029000	0.402114
693.224000	0.293114
693.419000	-0.340963
693.614000	-0.381330
693.809000	-0.548563
694.004000	-0.549598
694.199000	-0.557418
694.394000	-0.271665
694.589000	-0.583898
694.784000	-0.592498
694.979000	-0.320280
695.174000	-0.353200
695.370000	0.224384
695.565000	0.008033
695.760000	-0.354270
695.955000	-0.048426
696.150000	0.024221
696.345000	-0.486295
696.540000	-0.081191
696.740000	-0.097361
696.940000	-0.008120
697.140000	0.130583
697.340000	-0.318849
697.539000	-0.081799
697.739000	-0.163664
697.939000	-0.122833
698.139000	-0.368883
698.339000	-0.913325
698.539000	-0.501630
698.739000	-0.634907
698.939000	-0.472050
699.138000	-0.580669
699.338000	0.066136
699.538000	0.323641
699.738000	-0.091551
699.938000	-0.174926
700.138000	-0.425540
700.338000	-0.711281
700.538000	-0.436218
700.737000	-0.243196
700.937000	-0.727424
701.137000	-0.745290
701.337000	-0.101010
701.537000	-0.143413
701.737000	-0.522377
701.937000	-0.363114
702.137000	-0.388468
702.337000	-0.541383
702.536000	-0.712015
702.736000	-0.636493
702.936000	-0.841411
703.136000	-0.213106
703.336000	-0.059656
703.536000	-0.222195
703.736000	-0.642685
703.936000	-0.590046
704.135000	-0.581203
704.335000	-0.394268
704.535000	-0.575827
704.735000	-0.610830
704.935000	-0.120190
705.135000	-0.129402
705.335000	-0.432781
705.535000	-0.164565
705.735000	-0.164536
705.934000	-0.043277
706.134000	-0.207799
706.334000	-0.468657
706.534000	-0.573626
706.734000	-0.434911
706.934000	-0.513166
707.134000	-0.626399
707.334000	-0.270273
707.533000	-0.279507
707.733000	-0.340403
707.933000	-0.340743
708.133000	-0.052359
708.333000	0.000000
708.533000	-0.342734
708.733000	-0.105440
708.933000	-0.316601
709.132000	-0.405333
709.332000	-0.379539
709.532000	-0.521913
709.732000	-0.273825
709.932000	-0.743754
710.132000	-0.796380
710.332000	-0.875616
710.532000	-0.380670
710.732000	-0.115402
710.931000	-0.328695
711.131000	-0.347816
711.331000	-0.249906
711.531000	-0.330794
711.731000	-0.457107
711.931000	-0.412977
712.131000	-0.376614
712.331000	-0.224246
712.530000	-0.349399
712.730000	-0.619796
712.930000	-0.439997
713.130000	-0.324396
713.330000	-0.523285
713.530000	-0.434657
713.730000	0.018119
713.930000	-0.190189
714.129000	-0.633301
714.329000	-0.744249
714.529000	-0.426257
714.729000	0.036352
714.929000	-0.054530
715.129000	-0.546199
715.329000	-0.574041
715.529000	-0.484902
715.729000	0.118715
715.928000	0.027464
716.128000	-0.265655
716.328000	-0.275631
716.528000	-0.248351
716.728000	-0.138006
716.928000	-0.414059
717.128000	-0.221325
717.328000	-0.359594
717.527000	-0.572356
717.727000	-0.341900
717.927000	-0.166865
718.127000	-0.417401
718.327000	-0.678344
718.527000	-0.724442
718.727000	-0.502001
718.927000	-0.586729
719.127000	-0.785451
719.326000	-0.474947
719.526000	0.055979
719.726000	-0.196337
719.926000	-0.750744
720.126000	-0.760252
720.326000	-0.394146
720.526000	-0.450536
720.726000	-0.574286
720.925000	-0.226093
721.125000	-0.576781
721.325000	-0.500530
721.525000	-0.444941
721.725000	-0.558605
721.925000	-0.446244
722.125000	-0.436785
722.325000	-0.113932
722.524000	-0.409495
722.724000	-0.905824
722.924000	-0.924837
723.124000	-0.811431
723.324000	-0.592476
723.524000	-0.382589
723.724000	-0.804164
723.924000	-0.605286
724.124000	-0.413274
724.323000	-0.019247
724.523000	-0.230762
724.723000	0.192716
724.923000	0.038555
725.123000	-0.173678
725.323000	-0.038664
725.523000	-0.271165
725.723000	-0.657853
725.922000	-0.619854
726.122000	-0.329668
726.322000	-0.427780
726.522000	-0.457394
726.722000	0.252735
726.922000	-0.116567
727.122000	-0.233946
727.322000	0.107362
727.521000	-0.097842
727.721000	-0.509525
727.921000	-0.460554
728.121000	-0.470235
728.321000	-0.971646
728.521000	-0.600224
728.721000	-0.295694
728.921000	-0.049265
729.121000	0.631631
729.320000	0.059281
729.520000	-0.375480
729.720000	-0.593841
729.920000	-0.546947
730.120000	-0.376931
730.320000	-0.377855
730.520000	-0.636649
730.720000	-0.369222
730.919000	-0.369153
731.119000	-0.259880
731.319000	-0.640749
731.519000	-0.750775
731.719000	-0.350628
731.919000	-0.461071
732.119000	-0.953791
732.319000	-0.886285
732.519000	-0.352688
732.718000	-0.766841
732.918000	-0.636217
733.118000	-0.354336
733.318000	-0.030459
733.518000	-0.335076
733.718000	-0.965955
733.918000	-0.732519
734.118000	-0.508517
734.317000	-0.459529
734.517000	-0.703636
734.717000	-0.594311
734.917000	-0.041080
735.117000	-0.071966
735.317000	-0.215843
735.517000	0.133981
735.717000	0.320438
735.916000	-0.589280
736.116000	-0.764366
736.316000	-0.457292
736.516000	-0.384421
736.716000	-0.322246
736.916000	-0.761931
737.116000	-0.629295
737.316000	-0.167784
737.516000	-0.168117
737.715000	-0.178737
737.915000	-0.778387
738.115000	-0.928589
738.315000	-0.538557
738.515000	-0.654590
738.715000	-0.446036
738.915000	0.063805
739.115000	-0.575194
739.314000	-0.713023
739.514000	-0.042721
739.714000	0.182024
739.914000	0.010739
740.114000	-0.322762
740.314000	-0.301468
740.514000	0.301930
740.714000	-0.378691
740.913000	-0.790993
741.113000	-0.737969
741.313000	-0.564330
741.513000	-0.533269
741.713000	-0.414667
741.913000	-0.372771
742.113000	-0.350310
742.313000	-0.965408
742.513000	-0.713750
742.712000	-0.517768
742.912000	-0.738289
743.112000	-0.563881
743.312000	-0.974588
743.512000	-0.621593
743.712000	-0.445419
743.912000	-1.026119
744.112000	-1.238827
744.311000	-1.208603
744.511000	-0.739927
744.711000	-0.438319
744.911000	-0.607772
745.111000	-0.484568
745.311000	-0.169361
745.511000	-0.689684
745.711000	-0.769553
745.911000	-0.679899
746.110000	-0.918302
746.310000	-0.855297
746.510000	-0.762416
746.710000	-0.011432
746.910000	-0.068650
747.110000	-0.699068
747.310000	-0.838053
747.510000	-0.587719
747.709000	-0.392130
747.909000	-0.346885
748.109000	-0.208834
748.309000	-0.616156
748.509000	-0.896575
748.709000	-0.876523
748.909000	-0.642585
749.109000	-0.715797
749.308000	-0.199687
749.508000	-0.353682
749.708000	-0.400974
749.908000	-0.271308
750.108000	-0.307607
750.308000	-0.961658
750.508000	-0.285665
750.708000	-0.714400
750.908000	-1.133579
751.107000	-0.371045
751.307000	0.000000
751.507000	-0.468221
751.707000	-0.203837
751.907000	-0.336556
752.107000	-0.241211
752.307000	-0.762371
752.507000	-0.485313
752.706000	-0.375862
752.906000	0.157954
753.106000	-0.768126
753.306000	-1.259679
753.506000	-0.061316
753.706000	-0.430070
753.906000	-0.553033
754.106000	-0.036918
754.305000	-0.073931
754.505000	-0.135896
754.705000	-0.322962
754.905000	-0.447841
755.105000	-0.074751
755.305000	-0.873308
755.505000	-0.775729
755.705000	-0.250548
755.905000	-0.427212
756.104000	-1.207288
756.304000	-1.361848
756.504000	-1.478377
756.704000	-0.520755
756.904000	-0.241188
757.104000	-0.392962
757.304000	-0.304519
757.504000	-0.025532
757.703000	-0.536068
757.903000	-0.230297
758.103000	0.000000
758.303000	-0.282844
758.503000	-0.476948
758.703000	-0.490982
758.903000	-0.607538
759.103000	-0.362939
759.303000	-0.299559
759.502000	-0.496486
759.702000	-0.013060
759.902000	-0.538212
760.102000	-0.539501
760.302000	-0.250855
760.502000	-0.078981
760.702000	-0.131824
760.902000	-0.290627
761.101000	-0.794898
761.301000	-1.194438
761.501000	-0.769996
761.701000	-1.090803
761.901000	-0.869163
762.101000	-0.160804
762.301000	0.040202
762.501000	-0.429169
762.700000	-1.010498
762.900000	-1.145640
763.100000	-0.539739
763.300000	-0.027097
763.500000	-0.325488
763.703000	-0.540668
763.905000	-0.841221
764.108000	-0.272327
764.311000	-0.354073
764.513000	-0.422674
764.716000	-0.506524
764.919000	-0.562035
765.121000	-1.193074
765.324000	-1.430490
765.527000	-0.926483
765.729000	-0.663728
765.932000	0.166204
766.135000	0.041539
766.337000	-0.429454
766.540000	-0.653246
766.743000	-0.336052
766.945000	-0.838467
767.148000	-1.246541
767.351000	-1.148338
767.553000	-0.379526
767.756000	-0.647288
767.958000	-0.956763
768.161000	-0.591455
768.364000	-0.848047
768.566000	-1.062379
768.769000	-0.767465
768.972000	-0.639465
769.174000	-0.612906
769.377000	-1.215027
769.580000	-1.317891
769.782000	-0.343499
769.985000	-0.933280
770.188000	-1.842214
770.390000	-0.896737
770.593000	0.520037
770.796000	0.361405
770.998000	-0.405011
771.201000	-0.912233
771.404000	-0.826518
771.606000	-0.684220
771.809000	-0.436594
772.012000	-0.524922
772.214000	-1.240375
772.417000	-1.386450
772.620000	-0.727455
772.822000	-0.762415
773.025000	-0.645238
773.228000	-0.940281
773.430000	-0.779968
773.633000	-0.398096
773.836000	-0.531519
774.038000	-0.474247
774.241000	-0.637097
774.444000	-0.832257
774.646000	-0.089099
774.849000	-0.297665
775.052000	-0.401780
775.254000	-0.178923
775.457000	-0.566074
775.659000	-1.090064
775.862000	-1.120194
776.065000	-0.688184
776.267000	-0.209807
776.470000	0.060213
776.673000	-0.707989
776.875000	-0.226616
777.078000	-0.181005
777.281000	-0.772194
777.483000	-0.349353
777.686000	-0.593491
777.889000	-0.441789
778.091000	0.107006
778.294000	-0.870092
778.497000	-0.840642
778.699000	-0.871907
778.902000	-0.782792
779.105000	-0.813545
779.307000	0.076859
779.510000	-0.385155
779.713000	-0.340255
779.915000	-0.822412
780.118000	0.295116
780.321000	0.497647
780.523000	-0.311752
780.726000	-0.764111
780.929000	-0.919721
781.131000	-0.905531
781.334000	-1.394682
781.537000	-1.587157
781.739000	-0.393220
781.942000	-0.661143
782.145000	-1.582290
782.347000	-1.599121
782.550000	-1.029798
782.753000	-0.906022
782.955000	-0.701286
783.158000	-0.605299
783.361000	-0.654698
783.563000	-0.670777
783.766000	-0.560430
783.968000	1.090507
784.171000	0.966627
784.374000	-0.112783
784.576000	-0.563749
784.779000	-0.321635
784.982000	0.016174
785.184000	-0.813109
785.387000	-0.342027
785.590000	0.455792
785.792000	0.310461
785.995000	0.065460
786.198000	-0.245876
786.400000	-0.510288
786.603000	-0.231038
786.806000	-0.510003
787.008000	-0.197401
787.211000	-0.214623
787.414000	-0.911127
787.616000	-0.831428
787.819000	-0.633374
788.022000	-1.268458
788.224000	-0.752929
788.427000	-1.657382
788.630000	-1.041598
788.832000	-0.318854
789.035000	-1.038813
789.238000	-1.582083
789.440000	-1.049589
789.643000	-0.152044
789.846000	-0.864037
790.048000	-0.696301
790.251000	-0.254806
790.454000	-0.440779
790.656000	0.289265
790.859000	-0.477539
791.062000	-0.973846
791.264000	-0.495057
791.467000	-1.234307
791.669000	-1.768325
791.872000	-0.655651
792.075000	-0.913405
792.277000	-1.034210
792.480000	-0.502585
792.683000	-0.864160
792.885000	-1.314794
793.088000	-1.319615
793.291000	-1.027001
793.493000	-1.203258
793.696000	-0.697814
793.899000	-0.244908
794.101000	-0.631225
794.304000	-0.738094
794.507000	-0.369594
794.709000	-0.423565
794.912000	-1.187212
795.115000	-1.136235
795.317000	-0.656705
795.520000	-0.588271
795.723000	-0.948608
795.925000	-1.487727
796.128000	-1.629029
796.331000	-0.646569
796.533000	-0.990164
796.736000	-0.904672
796.939000	-0.888700
797.141000	-1.272921
797.344000	-0.218423
797.547000	-0.182098
797.749000	-0.310012
797.952000	-1.044728
798.155000	-1.316774
798.357000	-1.563886
798.560000	-1.443197
798.763000	-0.665405
798.965000	-0.720173
799.168000	-0.777833
799.371000	-0.704575
799.573000	-0.855752
799.776000	-1.863118
799.978000	-2.019153
800.181000	-1.067705
800.384000	0.881749
800.586000	0.188047
800.789000	-1.334558
800.992000	-1.145816
801.194000	-1.355425
801.397000	-1.774157
801.600000	-1.855981
801.802000	0.018967
802.005000	-0.133190
802.208000	-2.289789
802.410000	-1.048587
802.613000	-0.421286
802.816000	-0.575151
803.018000	-1.307147
803.221000	-1.078483
803.424000	0.192987
803.626000	-0.077315
803.829000	-1.066464
804.032000	-0.038883
804.234000	0.952340
804.437000	-0.487982
804.640000	-0.487573
804.842000	-0.566878
805.045000	-0.923304
805.248000	-0.846306
805.450000	-0.983116
805.653000	-0.633183
805.856000	-0.751084
806.058000	-0.099130
806.261000	-1.271860
806.464000	-1.312917
806.666000	-0.956361
806.869000	-0.721868
807.072000	-1.844574
807.274000	-2.267106
807.477000	-0.985765
807.679000	-0.825510
807.882000	-1.513550
808.085000	-1.239320
808.287000	-0.284716
808.490000	-1.161423
808.693000	-1.427314
808.895000	-0.959417
809.098000	-0.776074
809.301000	-0.655722
809.503000	-1.070170
809.706000	-0.227618
809.909000	0.000000
810.111000	-0.041436
810.314000	-0.311481
810.517000	-0.579541
810.719000	-0.999098
810.922000	-0.961524
811.125000	-0.083431
811.327000	-0.335632
811.530000	-0.779226
811.735000	-1.282732
811.940000	-1.580658
812.146000	-1.227519
812.351000	-0.444481
812.556000	-0.191103
812.761000	-1.533680
812.967000	-0.898507
813.172000	-0.448780
813.377000	-0.407297
813.582000	0.021528
813.788000	-1.018785
813.993000	-1.686508
814.198000	-0.476148
814.403000	-1.665591
814.609000	-0.805385
814.814000	-0.546633
815.019000	0.763887
815.224000	0.305397
815.429000	-1.493215
815.635000	-0.947205
815.840000	-0.463090
816.045000	-0.753182
816.250000	-0.288446
816.456000	-1.733634
816.661000	-2.478410
816.866000	-1.566397
817.071000	-1.789041
817.277000	-2.363259
817.482000	-1.736051
817.687000	-0.608358
817.892000	-0.611802
818.097000	-0.500051
818.303000	-0.090917
818.508000	0.476384
818.713000	1.661702
818.918000	0.205014
819.124000	0.159866
819.329000	-1.192617
819.534000	-1.449207
819.739000	-1.311296
819.945000	-1.525506
820.150000	-1.139009
820.355000	-0.582257
820.560000	-0.348414
820.766000	-0.838335
820.971000	-1.264756
821.176000	-2.324351
821.381000	-2.856089
821.586000	-1.907622
821.792000	-0.472665
821.997000	-0.827936
822.202000	-1.302321
822.407000	-1.353772
822.613000	-1.475615
822.818000	-0.763597
823.023000	-0.573396
823.228000	-0.865648
823.434000	-0.384427
823.639000	0.192626
823.844000	-0.796677
824.049000	-0.459032
824.255000	-0.363566
824.460000	-0.730526
824.665000	-1.170469
824.870000	-0.269141
825.075000	-0.783946
825.281000	-0.344010
825.486000	0.617947
825.691000	-1.485315
825.896000	-2.257136
826.102000	-0.819031
826.307000	-0.771266
826.512000	-1.098794
826.717000	-0.726439
826.923000	-1.029967
827.128000	-0.931520
827.333000	-2.280504
827.538000	-1.195391
827.744000	0.025496
827.949000	-0.890656
828.154000	-0.638760
828.359000	-0.153226
828.564000	-0.846969
828.770000	-0.360806
828.975000	0.387455
829.180000	-0.726915
829.385000	-1.868498
829.591000	-1.641812
829.796000	-0.890485
830.001000	-0.865945
830.206000	-1.052944
830.412000	-1.183353
830.617000	-1.607976
830.822000	-1.086163
831.027000	-1.030879
831.232000	-1.170099
831.438000	-1.231926
831.643000	-0.910476
831.848000	-1.207996
832.053000	-0.754511
832.259000	-0.647524
832.464000	-2.570314
832.669000	-2.145143
832.874000	-1.707904
833.080000	-1.824372
833.285000	0.245463
833.490000	-0.300223
833.695000	-2.115402
833.901000	-1.711324
834.106000	-1.686291
834.311000	-1.083788
834.516000	-1.168946
834.721000	-1.511409
834.927000	-0.168628
835.132000	-0.422397
835.337000	1.720308
835.542000	0.822714
835.748000	-0.991005
835.953000	0.085237
836.158000	-0.256338
836.363000	-0.600524
836.569000	-0.605179
836.774000	-1.760990
836.979000	-1.849843
837.184000	-1.883307
837.390000	-2.002852
837.595000	-1.542543
837.800000	-1.079342
838.005000	-0.821803
838.210000	-1.526867
838.416000	-2.063361
838.621000	-1.477795
838.826000	-1.919958
839.031000	-1.721990
839.237000	-2.362998
839.442000	-2.666368
839.647000	-2.901702
839.852000	-1.862694
840.058000	-1.658361
840.263000	-1.363506
840.468000	-1.395208
840.673000	-1.304348
840.878000	-1.396665
841.084000	-1.954767
841.289000	-0.979843
841.494000	1.572512
841.699000	1.423037
841.905000	-0.031017
842.110000	0.654876
842.315000	-1.218787
842.520000	-0.530733
842.726000	-0.813649
842.931000	-2.063742
843.136000	-0.850364
843.341000	-1.840332
843.547000	-1.108272
843.752000	-1.204644
843.957000	-1.917647
844.162000	-1.926748
844.367000	-1.287299
844.573000	-0.387852
844.778000	-0.838127
844.983000	-1.195645
845.188000	-0.714570
845.394000	-2.097525
845.599000	-1.732749
845.804000	-1.640245
846.009000	-0.693665
846.215000	-1.957898
846.420000	-1.430793
846.625000	-0.300444
846.830000	0.133050
847.036000	-1.036136
847.241000	-1.644710
847.446000	-0.033561
847.651000	-0.539243
847.856000	-2.006469
848.062000	-2.114747
848.267000	-0.102357
848.472000	-1.335253
848.677000	-2.815295
848.883000	-0.548170
849.088000	1.280482
849.293000	-0.694881
849.498000	-1.734989
849.704000	-0.521955
849.909000	-0.941954
850.114000	-2.372403
850.319000	-0.489529
850.524000	-0.457062
850.730000	-1.308249
850.935000	-1.846004
851.140000	0.000000
851.345000	-0.071177
851.551000	-0.178479
851.756000	-0.143551
851.961000	-1.367363
852.166000	-1.476079
852.372000	-1.335525
852.577000	-1.345284
852.782000	-0.952504
852.987000	0.547958
853.193000	-0.109987
853.398000	-0.660116
853.603000	-2.021528
853.808000	-2.463881
854.013000	-1.369306
854.219000	0.037076
854.424000	1.079361
854.629000	0.596824
854.834000	-1.126516
855.040000	-0.755822
855.245000	-0.677966
855.450000	-2.290481
855.655000	-2.942790
855.861000	-3.227257
856.066000	-2.526220
856.271000	-2.261924
856.476000	-0.807864
856.682000	-1.699183
856.887000	-4.359972
857.092000	-2.551865
857.297000	0.465843
857.502000	-1.283589
857.708000	-1.441980
857.913000	0.195200
858.118000	-0.945598
858.323000	-1.304018
858.529000	-1.420365
858.734000	-1.345106
858.939000	-0.952285
859.144000	-2.189706
859.350000	-2.787291
859.555000	-2.756064
859.760000	-0.602411
859.965000	-0.361342
860.171000	-2.580650
860.376000	-1.822095
860.581000	-2.598359
860.786000	-4.525457
860.991000	-3.316761
861.197000	-2.209826
861.402000	-1.026001
861.607000	-2.463975
861.812000	-3.876840
862.018000	-2.939484
862.223000	-1.285854
862.428000	-0.751026
862.633000	-0.083485
862.839000	-0.252026
863.044000	-1.482444
863.249000	-2.154271
863.454000	-0.930216
863.659000	-1.611614
863.865000	-2.088466
864.070000	-2.264879
864.275000	-2.311473
864.480000	-0.946020
864.686000	-3.193823
864.891000	-2.894114
865.096000	-0.520728
865.301000	-0.434752
865.507000	-0.481040
865.712000	-0.262368
865.917000	-0.396082
866.122000	-0.750189
866.328000	-4.127250
866.533000	-3.769585
866.738000	0.044405
866.943000	0.044498
867.148000	0.089497
867.354000	-2.841274
867.559000	-3.834574
867.764000	-1.631992
867.969000	-0.729009
868.175000	-1.861779
868.380000	-3.189796
868.585000	-4.106508
868.790000	-1.556702
868.996000	-1.843519
869.201000	-2.310435
869.406000	-3.434193
869.611000	-3.717895
869.817000	-4.131561
870.022000	1.164945
870.227000	-0.373698
870.432000	-3.145126
870.637000	-1.503868
870.843000	-1.654412
871.048000	-1.135002
871.253000	0.331234
871.458000	-1.712135
871.664000	-3.972516
871.869000	-3.418254
872.074000	-2.945657
872.279000	-2.509842
872.485000	-2.623171
872.690000	-2.293029
872.895000	-2.449475
873.100000	-2.305228
873.306000	-2.561309
873.511000	-1.735969
873.716000	0.347955
873.921000	-2.032702
874.126000	-3.475991
874.332000	-2.457167
874.537000	-0.655126
874.742000	-1.456719
874.947000	-2.370904
875.153000	-0.101836
875.358000	-0.918673
875.563000	-1.478712
875.768000	-4.352344
875.974000	-4.473057
876.179000	-1.493927
876.384000	-1.190596
876.589000	-2.507237
876.794000	-2.823852
877.000000	-2.198141
877.205000	-3.711195
877.410000	-1.943525
877.615000	-2.254872
877.821000	-4.073605
878.026000	-3.334589
878.231000	-4.127602
878.436000	-4.240545
878.642000	-3.415889
878.847000	-1.337302
879.052000	0.640990
879.257000	-2.801771
879.463000	-5.395460
879.668000	-3.885911
879.873000	-0.812787
880.078000	-3.639341
880.283000	-4.798643
880.489000	-5.016654
880.694000	-4.162199
880.899000	-1.379473
881.104000	0.387821
881.310000	1.440441
881.515000	-0.221352
881.720000	0.332826
881.925000	2.119786
882.131000	3.514602
882.336000	0.224866
882.541000	-4.362715
882.746000	-3.245472
882.952000	-4.265394
883.157000	-3.762794
883.362000	-3.197579
883.567000	-3.727012
883.772000	-3.356519
883.978000	-2.607047
884.183000	-2.438773
884.388000	-2.838585
884.593000	-5.099924
884.799000	0.407490
885.004000	-0.472281
885.209000	-2.716784
885.414000	-1.648027
885.620000	-4.327721
885.825000	-0.477679
886.030000	-0.893897
886.235000	-2.997957
886.440000	-2.055586
886.646000	-5.398675
886.851000	-5.181970
887.056000	-0.489277
887.261000	-2.325929
887.467000	-4.855164
887.672000	-1.299408
887.877000	-3.233993
888.082000	-5.249079
888.288000	-4.918620
888.493000	-6.946565
888.698000	-4.911415
888.903000	-1.451957
889.109000	-3.023896
889.314000	-0.630336
889.519000	-2.323378
889.724000	-0.188653
889.929000	-2.014648
890.135000	-2.209448
890.340000	-2.734723
890.545000	-4.068430
890.750000	-5.797572
890.956000	-3.643536
891.161000	-1.085098
891.366000	-2.816429
891.571000	-2.181440
891.777000	-1.348617
891.982000	-0.645335
892.187000	-1.101772
892.392000	-0.323280
892.598000	-1.040401
892.803000	-1.574397
893.008000	-2.621395
893.213000	-2.418386
893.418000	-3.225301
893.624000	-4.564537
893.829000	-6.684316
894.034000	-3.647734
894.239000	-0.666487
894.445000	-3.258222
894.650000	-3.942940
894.855000	-4.215508
895.060000	-5.076888
895.266000	-3.563084
895.471000	-4.439667
895.676000	-1.282548
895.881000	-0.817003
896.087000	-1.498128
896.292000	-1.987652
896.497000	0.206629
896.702000	-2.744008
896.907000	-3.435303
897.113000	1.792957
897.318000	1.516350
897.523000	0.691067
897.728000	-2.011809
897.934000	-2.005325
898.139000	-2.426894
898.344000	0.000000
898.549000	-1.830142
898.755000	-3.594977
898.960000	-3.191626
899.165000	-5.889423
899.370000	-3.277802
899.575000	1.285892
899.781000	-2.507444
899.986000	-3.940475
900.191000	-1.802566
900.396000	-2.454336
900.602000	-3.267886
900.807000	-3.729780
901.012000	-1.987450
901.217000	-0.959296
901.423000	-4.338802
901.628000	-5.607676
901.833000	-0.444916
902.038000	-0.747291
902.244000	-4.322391
902.449000	-2.398810
902.654000	-3.939151
902.859000	-4.383382
903.064000	-1.139067
903.270000	-0.381055
903.475000	-4.499892
903.680000	-6.704855
903.885000	-6.681503
904.091000	-6.252720
904.296000	-6.587579
904.501000	-4.512891
904.706000	-4.917706
904.912000	-0.789015
905.117000	-2.139268
905.322000	-5.431524
905.527000	-4.929305
905.733000	-3.102729
905.938000	-3.362312
906.143000	-5.347126
906.348000	-5.837908
906.553000	-0.489982
906.759000	1.550640
906.964000	-1.722373
907.169000	-3.629108
907.374000	-6.254455
907.580000	-5.460425
907.785000	-3.618855
907.990000	24.760252
908.195000	16.805726
908.401000	-2.296792
908.606000	-8.809982
908.811000	-8.715778
909.016000	-1.877385
909.221000	-1.284088
909.427000	-3.185451
909.632000	-5.210951
909.837000	-6.034355
910.042000	-6.490374
910.248000	-7.756603
910.453000	-4.251246
910.658000	-4.283654
910.863000	-4.903237
911.069000	-6.621123
911.274000	-2.343424
911.479000	-0.272059
911.684000	-6.795455
911.890000	-4.928213
912.095000	-5.299792
912.300000	-7.362186
912.506000	-5.800773
912.711000	-5.220496
912.917000	-1.959434
913.123000	-0.747118
913.328000	-4.792305
913.534000	-4.362121
913.740000	4.297225
913.946000	1.823461
914.151000	-2.821406
914.357000	-5.364986
914.563000	-1.632952
914.768000	-3.872410
914.974000	-6.359265
915.180000	-6.915054
915.385000	-4.264839
915.591000	-6.804283
915.797000	-3.614067
916.002000	0.202110
916.208000	-3.018012
916.414000	-5.492083
916.620000	-5.911520
916.825000	-1.533630
917.031000	-4.092796
917.237000	-9.655957
917.442000	-5.191607
917.648000	-7.639234
917.854000	-10.353216
918.059000	-3.369508
918.265000	-1.682644
918.471000	-2.642445
918.676000	-5.554994
918.882000	-7.742291
919.088000	-7.433280
919.294000	-12.267146
919.499000	-8.963364
919.705000	-3.407039
919.911000	-3.626689
920.116000	-1.664996
920.322000	-7.802999
920.528000	-5.379256
920.733000	-8.295150
920.939000	-9.926769
921.145000	-10.928872
921.350000	-8.762966
921.556000	-6.045028
921.762000	-5.913893
921.968000	-5.581900
922.173000	-8.311885
922.379000	-9.213638
922.585000	-6.304576
922.790000	-7.269069
922.996000	-9.247176
923.202000	-10.939014
923.407000	-6.726798
923.613000	-5.878555
923.819000	-4.180416
924.024000	-3.665839
924.230000	-1.352622
924.436000	-4.578510
924.642000	6.765263
924.847000	4.050642
925.053000	-3.161253
925.259000	-9.370053
925.464000	-4.588157
925.670000	-5.093823
925.876000	-5.795225
926.081000	-5.437880
926.287000	-4.541347
926.493000	-3.433077
926.698000	-3.703327
926.904000	-2.629011
927.110000	-6.479704
927.316000	-4.780680
927.521000	3.756204
927.727000	-3.404183
927.933000	-6.154107
928.138000	-7.554603
928.344000	-12.783481
928.550000	-7.653596
928.755000	-4.081875
928.961000	-8.147554
929.167000	-9.751869
929.372000	-0.851353
929.578000	1.431986
929.784000	-8.077819
929.990000	-10.433552
930.195000	-8.862930
930.401000	-7.026016
930.607000	-3.961661
930.812000	-3.852219
931.018000	-7.141281
931.224000	-11.006195
931.429000	-8.329708
931.635000	-14.809917
931.841000	-13.886612
932.046000	-9.490240
932.252000	-3.385875
932.458000	5.280013
932.664000	-0.942255
932.869000	-8.017544
933.075000	-9.813195
933.281000	-8.989679
933.486000	-3.415615
933.692000	-6.208496
933.898000	-9.731759
934.103000	-4.778243
934.309000	-7.738522
934.515000	-4.787843
934.720000	-1.372655
934.926000	-0.865105
935.132000	-1.385282
935.338000	-3.325691
935.543000	-9.942659
935.749000	-7.526938
935.955000	-10.802243
936.160000	-11.291639
936.366000	-4.582427
936.572000	-3.177459
936.777000	-4.768373
936.983000	-3.441291
937.189000	-7.129233
937.394000	-8.787874
937.600000	1.177156
937.806000	5.731031
938.012000	-4.416330
938.217000	6.876073
938.423000	2.036800
938.629000	-8.759510
938.834000	-15.387621
939.040000	-16.139904
939.246000	-6.480901
939.451000	-7.832784
939.657000	-7.268855
939.863000	-12.141504
940.068000	-6.786397
940.274000	-10.359407
940.480000	-3.573522
940.686000	-1.591974
940.891000	-6.539851
941.097000	25.678368
941.303000	13.576178
941.508000	-6.249171
941.714000	-7.213998
941.920000	-16.974662
942.125000	-6.634824
942.331000	-5.475409
942.537000	0.237881
942.742000	0.480596
942.948000	-11.535969
943.154000	-17.042817
943.360000	-26.263611
943.565000	-10.295165
943.771000	4.949099
943.977000	8.110214
944.182000	-11.285784
944.388000	-15.030896
944.594000	0.249703
944.799000	7.819325
945.005000	-5.456285
945.211000	-0.994995
945.416000	-5.556905
945.622000	-16.966258
945.828000	-15.869513
946.034000	-8.324634
946.239000	-8.371107
946.445000	-13.650718
946.651000	-18.713581
946.856000	-11.308194
947.062000	1.805425
947.268000	-2.077810
947.473000	-18.254707
947.679000	-18.890590
947.885000	-4.210942
948.090000	-0.794401
948.296000	8.347661
948.502000	-2.123214
948.708000	-10.708760
948.913000	-11.106854
949.119000	-0.812399
949.325000	-7.587197
949.530000	-19.522722
949.736000	-26.210889
949.942000	-21.532586
950.147000	-16.809209
950.353000	-9.408511
950.559000	-7.531707
950.764000	11.402985
950.970000	7.107121
951.176000	-13.273091
951.382000	-22.322190
951.587000	-8.528713
951.793000	1.430848
951.999000	0.282101
952.204000	-14.242944
952.410000	-22.303323
952.616000	-5.882576
952.821000	-6.484636
953.027000	-14.968826
953.233000	-24.150568
953.438000	-19.691313
953.644000	-5.499666
953.850000	-6.661937
954.056000	-13.757570
954.261000	-16.788402
954.467000	-2.361788
954.673000	2.062241
954.878000	-13.007200
955.084000	-10.359420
955.290000	-20.505199
955.495000	-25.333859
955.701000	-19.023993
955.907000	3.026947
956.112000	-3.632709
956.318000	6.300710
956.524000	4.855845
956.730000	-10.480972
956.935000	-12.058661
957.141000	-14.740590
957.347000	-6.232344
957.552000	-8.093577
957.758000	-27.100955
957.964000	-38.075065
958.169000	-0.632391
958.375000	4.757623
958.581000	-12.111517
958.786000	-23.073053
958.992000	-29.594169
959.198000	-9.123519
959.404000	-0.649366
959.609000	-9.641928
959.815000	-16.387425
960.021000	1.983751
960.226000	-0.333552
960.432000	-26.504689
960.638000	-22.545744
960.843000	-14.876352
961.049000	-13.114857
961.255000	2.052405
961.460000	-15.848389
961.666000	-33.683620
961.872000	-13.686386
962.078000	-13.833205
962.283000	-26.974190
962.489000	-20.938143
962.695000	-15.705331
962.900000	-12.748672
963.106000	-14.676417
963.312000	-19.218466
963.517000	-18.621080
963.723000	-30.664060
963.929000	-6.250864
964.134000	9.174456
964.340000	-18.925244
964.546000	-27.366420
964.752000	-25.969885
964.957000	-25.434495
965.163000	-6.122201
965.369000	-3.488941
965.574000	-5.091646
965.780000	-6.271872
966.000000	-21.577126
966.220000	-11.445084
966.440000	-10.315407
966.661000	-5.188896
966.881000	-17.216022
967.101000	-31.846388
967.321000	-36.094137
967.541000	-14.602909
967.761000	-16.413292
967.981000	-17.632215
968.202000	-16.369330
968.422000	2.528471
968.642000	2.520693
968.862000	2.573375
969.082000	-12.529276
969.302000	-5.799431
969.522000	-13.154114
969.743000	-1.707903
969.963000	-16.146441
970.183000	-31.158774
970.403000	-31.369109
970.623000	-25.858078
970.843000	1.352498
971.063000	2.288953
971.284000	-23.949728
971.504000	-37.317107
971.724000	-13.568025
971.944000	-25.090985
972.164000	-41.285039
972.384000	-29.661943
972.604000	-42.980555
972.825000	-49.104407
973.045000	-36.678011
973.265000	17.490949
973.485000	2.474270
973.705000	-13.435972
973.925000	-19.195953
974.145000	-62.217470
974.365000	-22.247213
974.586000	-16.653092
974.806000	-33.824183
975.026000	3.657424
975.246000	-6.381980
975.466000	-26.409449
975.686000	-14.040571
975.906000	-15.095547
976.127000	-44.591832
976.347000	-43.957559
976.567000	-4.345970
976.787000	-11.443382
977.007000	-19.253348
977.227000	-19.487129
977.447000	-26.579618
977.668000	-47.766425
977.888000	-37.359373
978.108000	-37.880405
978.328000	-28.749198
978.548000	2.889441
978.768000	14.716507
978.988000	-2.459881
979.209000	-22.650582
979.429000	-17.239616
979.649000	-3.009478
979.869000	-32.797170
980.089000	-53.261640
980.309000	-66.479588
980.529000	-59.442701
980.750000	-49.511713
980.970000	-65.982046
981.190000	-35.196901
981.410000	-30.505785
981.630000	-35.105119
981.850000	-24.372975
982.070000	-15.240774
982.291000	-41.092027
982.511000	-44.740000
982.731000	-13.386772
982.951000	-23.372929
983.171000	-18.888109
983.391000	-7.759947
983.611000	10.007602
983.832000	-30.675740
984.052000	-59.234708
984.272000	-28.568801
984.492000	-21.500929
984.712000	-36.529500
984.932000	-52.290742
985.152000	-48.289622
985.373000	-36.558198
985.593000	-17.760753
985.813000	-26.432597
986.033000	-27.687041
986.253000	3.257167
986.473000	14.711877
986.693000	-26.309955
986.914000	-60.079333
987.134000	-5.006306
987.354000	-35.651910
987.574000	167.748485
987.794000	111.475159
988.014000	-42.255732
988.234000	-37.481712
988.455000	-28.843710
988.675000	-26.270473
988.895000	-25.311856
989.115000	-34.164492
989.335000	-12.919518
989.555000	-4.605811
989.775000	-44.511454
989.995000	-40.623277
990.216000	-28.746625
990.436000	-13.209565
990.656000	22.952341
990.876000	-29.990638
991.096000	-11.950686
991.316000	16.772536
991.536000	-6.228837
991.757000	-27.199730
991.977000	-72.601950
992.197000	-25.299470
992.417000	-32.044359
992.637000	-92.307837
992.857000	-99.495846
993.077000	-77.876736
993.298000	-54.978616
993.518000	-49.835146
993.738000	-103.237367
993.958000	-54.702733
994.178000	-50.677321
994.398000	-42.105284
994.618000	-89.928455
994.839000	-113.497256
995.059000	-39.510157
995.279000	11.266766
995.499000	-40.337290
995.719000	-24.290083
995.939000	-43.815481
996.159000	-42.893431
996.380000	-51.649451
996.600000	-104.788704
996.820000	-50.790971
997.040000	13.247372
997.260000	-55.601136
997.480000	-28.958985
997.700000	-83.888435
997.921000	-60.318913
998.141000	22.725851
998.361000	-6.750380
998.581000	-73.680905
998.801000	-97.055988
999.021000	-91.892163
999.241000	-74.422550
999.462000	-82.803775
999.682000	-108.916669
999.902000	-57.156069
1000.122000	-58.029230
1000.342000	-115.050039
1000.562000	-67.841411
1000.782000	-60.806649
1001.003000	-978.079883
