Wavelength	Irradiance
(nm)	(mW/cm2/nm)

294.396000	0.000000
294.577000	0.000000
294.757000	0.000000
294.938000	-0.000000
295.118000	-0.000000
295.299000	0.000000
295.479000	-0.000000
295.660000	-0.000000
295.840000	-0.000000
296.021000	-0.000000
296.202000	-0.000000
296.382000	-0.000000
296.563000	-0.000000
296.743000	-0.000000
296.924000	0.000000
297.104000	-0.000000
297.285000	-0.000000
297.465000	-0.000000
297.646000	-0.000000
297.826000	-0.000000
298.007000	0.000000
298.187000	0.000000
298.368000	-0.000000
298.548000	0.000000
298.729000	0.000000
298.909000	-0.000000
299.090000	-0.000000
299.270000	-0.000000
299.451000	-0.000000
299.631000	-0.000000
299.812000	-0.000000
299.992000	0.000000
300.173000	0.000000
300.353000	-0.000000
300.534000	0.000000
300.714000	0.000000
300.895000	0.000000
301.075000	-0.000000
301.256000	0.000000
301.436000	-0.000000
301.617000	-0.000000
301.797000	-0.000000
301.978000	-0.000000
302.159000	0.000000
302.339000	0.000000
302.520000	-0.000000
302.700000	-0.000000
302.881000	0.000000
303.061000	0.000000
303.242000	0.000000
303.422000	0.000000
303.603000	-0.000000
303.783000	-0.000000
303.964000	-0.000000
304.144000	-0.000000
304.325000	-0.000000
304.505000	0.000000
304.686000	-0.000000
304.866000	0.000000
305.047000	-0.000000
305.227000	-0.000000
305.408000	-0.000000
305.588000	-0.000000
305.769000	-0.000000
305.949000	-0.000000
306.130000	-0.000000
306.310000	-0.000000
306.491000	-0.000000
306.671000	0.000000
306.852000	-0.000000
307.032000	-0.000000
307.213000	-0.000000
307.393000	-0.000000
307.574000	0.000000
307.755000	0.000000
307.935000	0.000000
308.116000	-0.000000
308.296000	-0.000000
308.477000	0.000000
308.657000	0.000000
308.838000	0.000000
309.018000	0.000000
309.199000	-0.000000
309.379000	-0.000000
309.560000	0.000000
309.740000	-0.000000
309.921000	-0.000000
310.101000	-0.000000
310.282000	-0.000000
310.462000	-0.000000
310.643000	-0.000000
310.823000	-0.000000
311.004000	-0.000000
311.184000	-0.000000
311.365000	0.000000
311.545000	0.000000
311.726000	0.000000
311.906000	-0.000000
312.087000	0.000000
312.267000	-0.000000
312.448000	-0.000000
312.628000	-0.000000
312.809000	-0.000000
312.989000	-0.000000
313.170000	-0.000000
313.344000	-0.000000
313.518000	-0.000000
313.691000	-0.000000
313.865000	-0.000000
314.039000	-0.000000
314.213000	-0.000000
314.387000	-0.000000
314.560000	-0.000000
314.734000	-0.000000
314.908000	-0.000000
315.082000	-0.000000
315.255000	0.000000
315.429000	0.000000
315.603000	0.000000
315.777000	-0.000000
315.951000	0.000000
316.124000	-0.000000
316.298000	-0.000000
316.472000	-0.000000
316.646000	-0.000000
316.820000	-0.000000
316.993000	-0.000000
317.167000	-0.000000
317.341000	-0.000000
317.515000	-0.000000
317.688000	-0.000000
317.862000	-0.000000
318.036000	-0.000000
318.210000	-0.000000
318.384000	-0.000000
318.557000	-0.000000
318.731000	-0.000000
318.905000	0.000000
319.079000	0.000000
319.253000	-0.000000
319.426000	0.000000
319.600000	0.000000
319.774000	-0.000000
319.948000	-0.000000
320.122000	0.000000
320.295000	0.000000
320.469000	-0.000000
320.643000	-0.000000
320.817000	-0.000000
320.990000	-0.000000
321.164000	-0.000000
321.338000	-0.000000
321.512000	-0.000000
321.686000	-0.000000
321.859000	-0.000000
322.033000	-0.000000
322.207000	-0.000000
322.381000	-0.000000
322.555000	0.000000
322.728000	0.000000
322.902000	-0.000000
323.076000	-0.000000
323.250000	-0.000000
323.423000	-0.000000
323.597000	-0.000000
323.771000	-0.000000
323.945000	-0.000000
324.119000	-0.000000
324.292000	0.000000
324.466000	-0.000000
324.640000	0.000000
324.814000	0.000000
324.988000	-0.000000
325.161000	-0.000000
325.335000	-0.000000
325.509000	-0.000000
325.683000	-0.000000
325.856000	-0.000000
326.030000	-0.000000
326.204000	-0.000000
326.378000	-0.000000
326.552000	-0.000000
326.725000	-0.000000
326.899000	-0.000000
327.073000	-0.000000
327.247000	-0.000000
327.421000	0.000000
327.594000	0.000000
327.768000	-0.000000
327.942000	-0.000000
328.116000	0.000000
328.289000	0.000000
328.463000	0.000000
328.637000	0.000000
328.811000	-0.000000
328.985000	-0.000000
329.158000	-0.000000
329.332000	-0.000000
329.506000	0.000000
329.680000	-0.000000
329.854000	-0.000000
330.027000	0.000000
330.201000	0.000000
330.375000	0.000000
330.549000	0.000000
330.723000	-0.000000
330.896000	-0.000000
331.070000	-0.000000
331.244000	-0.000000
331.418000	-0.000000
331.591000	0.000000
331.765000	-0.000000
331.939000	-0.000000
332.113000	-0.000000
332.287000	-0.000000
332.460000	0.000000
332.634000	0.000000
332.808000	-0.000000
332.982000	-0.000000
333.156000	-0.000000
333.329000	-0.000000
333.503000	-0.000000
333.677000	-0.000000
333.851000	-0.000000
334.024000	-0.000000
334.198000	-0.000000
334.372000	-0.000000
334.546000	-0.000000
334.720000	-0.000000
334.893000	-0.000000
335.067000	-0.000000
335.241000	-0.000000
335.415000	-0.000000
335.589000	-0.000000
335.762000	-0.000000
335.936000	-0.000000
336.110000	-0.000000
336.284000	-0.000000
336.458000	-0.000000
336.631000	-0.000000
336.805000	-0.000000
336.979000	-0.000000
337.153000	-0.000000
337.326000	-0.000000
337.500000	-0.000000
337.674000	-0.000000
337.848000	-0.000000
338.022000	-0.000000
338.195000	-0.000000
338.369000	-0.000000
338.543000	-0.000000
338.717000	-0.000000
338.891000	0.000000
339.064000	0.000000
339.238000	-0.000000
339.412000	-0.000000
339.586000	-0.000000
339.759000	-0.000000
339.933000	-0.000000
340.107000	0.000000
340.281000	-0.000000
340.455000	-0.000000
340.628000	-0.000000
340.802000	-0.000000
340.976000	-0.000000
341.150000	-0.000000
341.324000	-0.000000
341.497000	-0.000000
341.671000	-0.000000
341.845000	-0.000000
342.019000	-0.000000
342.192000	-0.000000
342.366000	-0.000000
342.540000	-0.000000
342.714000	-0.000000
342.888000	-0.000000
343.061000	-0.000000
343.235000	-0.000000
343.409000	-0.000000
343.583000	-0.000000
343.757000	-0.000000
343.930000	-0.000000
344.104000	-0.000000
344.278000	0.000000
344.452000	0.000000
344.626000	-0.000000
344.799000	-0.000000
344.973000	-0.000000
345.147000	-0.000000
345.321000	-0.000000
345.494000	-0.000000
345.668000	0.000000
345.842000	0.000000
346.016000	-0.000000
346.190000	0.000000
346.363000	0.000000
346.537000	-0.000000
346.711000	-0.000000
346.885000	-0.000000
347.059000	-0.000000
347.232000	0.000000
347.406000	0.000000
347.580000	-0.000000
347.754000	-0.000000
347.927000	-0.000000
348.101000	-0.000000
348.275000	-0.000000
348.449000	-0.000000
348.623000	-0.000000
348.796000	0.000000
348.970000	0.000000
349.144000	-0.000000
349.318000	-0.000000
349.492000	-0.000000
349.665000	-0.000000
349.839000	-0.000000
350.013000	-0.000000
350.187000	-0.000000
350.361000	-0.000000
350.534000	-0.000000
350.708000	-0.000000
350.882000	-0.000000
351.056000	0.000000
351.229000	-0.000000
351.403000	-0.000000
351.577000	-0.000000
351.751000	-0.000000
351.925000	-0.000000
352.098000	-0.000000
352.272000	-0.000000
352.446000	-0.000000
352.620000	-0.000000
352.794000	-0.000000
352.967000	-0.000000
353.141000	0.000000
353.315000	0.000000
353.489000	-0.000000
353.662000	-0.000000
353.836000	-0.000000
354.010000	-0.000000
354.184000	-0.000000
354.358000	-0.000000
354.531000	-0.000000
354.705000	-0.000000
354.879000	-0.000000
355.053000	-0.000000
355.227000	0.000000
355.400000	-0.000000
355.574000	0.000000
355.748000	0.000000
355.922000	-0.000000
356.095000	-0.000000
356.269000	-0.000000
356.443000	-0.000000
356.617000	-0.000000
356.791000	-0.000000
356.964000	-0.000000
357.138000	-0.000000
357.312000	-0.000000
357.486000	-0.000000
357.660000	0.000000
357.833000	0.000000
358.007000	-0.000000
358.181000	-0.000000
358.355000	-0.000000
358.529000	-0.000000
358.702000	-0.000000
358.876000	-0.000000
359.050000	-0.000000
359.224000	-0.000000
359.397000	-0.000000
359.571000	-0.000000
359.745000	-0.000000
359.919000	-0.000000
360.093000	-0.051912
360.266000	-0.003896
360.440000	0.092823
360.614000	0.136554
360.788000	0.017425
360.962000	-0.182675
361.135000	-0.041524
361.309000	-0.229349
361.483000	-0.362012
361.657000	-0.239747
361.830000	-0.221945
362.004000	-0.062639
362.178000	-0.370457
362.352000	-0.262128
362.526000	-0.120196
362.699000	-0.142750
362.873000	-0.425884
363.047000	-0.431573
363.221000	-0.377818
363.395000	-0.218674
363.568000	-0.222715
363.742000	-0.247011
363.916000	-0.264610
364.090000	-0.409819
364.263000	-0.300136
364.437000	-0.405827
364.611000	-0.088609
364.785000	-0.044281
364.959000	-0.240156
365.132000	-0.270660
365.306000	-0.353497
365.480000	-0.197047
365.656000	-0.289784
365.831000	-0.222876
366.007000	-0.213979
366.183000	-0.188310
366.358000	-0.339841
366.534000	-0.222026
366.710000	-0.323264
366.886000	-0.205339
367.061000	-0.104518
367.237000	0.001549
367.413000	-0.128745
367.588000	-0.378849
367.764000	-0.356894
367.940000	-0.279908
368.115000	-0.268708
368.291000	-0.354085
368.467000	-0.269469
368.643000	0.099018
368.818000	-0.262097
368.994000	-0.425067
369.170000	-0.277174
369.345000	-0.196476
369.521000	-0.245786
369.697000	-0.171549
369.872000	-0.282309
370.048000	-0.429435
370.224000	-0.333199
370.399000	-0.490045
370.575000	-0.456363
370.751000	-0.516283
370.927000	-0.501844
371.102000	-0.452154
371.278000	-0.332105
371.454000	-0.255923
371.629000	-0.004875
371.805000	-0.144493
371.981000	-0.011499
372.156000	0.171285
372.332000	-0.030339
372.508000	-0.076362
372.683000	-0.082369
372.859000	-0.125246
373.035000	-0.185776
373.211000	0.216105
373.386000	-0.008229
373.562000	-0.408281
373.738000	-0.492111
373.913000	-0.683528
374.089000	-0.466196
374.265000	-0.070625
374.440000	-0.041425
374.616000	0.028108
374.792000	-0.181764
374.968000	0.156253
375.143000	-0.063241
375.319000	-0.369719
375.495000	-0.445741
375.670000	-0.208441
375.846000	-0.063555
376.022000	-0.271697
376.197000	-0.197604
376.373000	-0.435205
376.549000	-0.475322
376.724000	-0.536697
376.900000	-0.420127
377.076000	-0.200353
377.252000	0.070706
377.427000	0.124912
377.603000	-0.225686
377.779000	-0.222567
377.954000	-0.405253
378.130000	-0.259564
378.306000	-0.179487
378.481000	-0.140786
378.657000	-0.253383
378.833000	-0.356653
379.009000	-0.202343
379.184000	-0.052339
379.360000	-0.139921
379.536000	-0.198148
379.711000	-0.240117
379.887000	-0.309628
380.063000	-0.268638
380.238000	-0.368614
380.414000	-0.114830
380.590000	-0.297006
380.765000	-0.362587
380.941000	-0.079849
381.117000	-0.054449
381.293000	-0.178486
381.468000	-0.357599
381.644000	-0.288166
381.820000	-0.154342
381.995000	-0.029911
382.171000	0.204042
382.347000	0.172199
382.522000	-0.268631
382.698000	0.042202
382.874000	0.113931
383.050000	-0.325207
383.225000	0.064309
383.401000	0.240772
383.577000	-0.156900
383.752000	-0.293758
383.928000	-0.249677
384.104000	-0.157375
384.279000	-0.221138
384.455000	-0.156144
384.631000	-0.205915
384.806000	-0.380734
384.982000	-0.144154
385.158000	-0.254839
385.334000	-0.103148
385.509000	-0.128312
385.685000	-0.494634
385.861000	-0.353345
386.036000	-0.469282
386.212000	-0.527500
386.388000	-0.345539
386.563000	-0.378605
386.739000	-0.373315
386.915000	-0.581306
387.090000	-0.313351
387.266000	-0.132051
387.442000	-0.029490
387.618000	-0.084690
387.793000	-0.346330
387.969000	-0.532423
388.145000	-0.450411
388.320000	-0.391421
388.496000	-0.358652
388.672000	-0.565430
388.847000	-0.182356
389.023000	-0.180445
389.199000	-0.475947
389.375000	-0.233816
389.550000	-0.316974
389.726000	-0.223508
389.902000	-0.448926
390.077000	-0.266094
390.253000	-0.194225
390.429000	-0.333813
390.604000	-0.178736
390.780000	-0.156567
390.956000	-0.321272
391.131000	-0.359799
391.307000	-0.046701
391.483000	-0.152098
391.659000	-0.306703
391.834000	-0.100792
392.010000	-0.268917
392.186000	-0.275213
392.361000	-0.203465
392.537000	-0.422419
392.713000	-0.004445
392.888000	0.310134
393.064000	-0.043187
393.240000	-0.360964
393.416000	-0.408939
393.591000	-0.486242
393.767000	-0.475852
393.943000	-0.363825
394.118000	-0.057127
394.294000	0.109787
394.470000	-0.013141
394.645000	0.114979
394.821000	0.273744
394.997000	-0.106196
395.172000	-0.105636
395.348000	-0.265336
395.524000	-0.570809
395.700000	-0.427697
395.875000	-0.159446
396.051000	-0.185061
396.227000	-0.238470
396.402000	-0.300760
396.578000	-0.244921
396.754000	-0.430970
396.929000	-0.314250
397.105000	-0.004298
397.281000	-0.075914
397.457000	-0.292773
397.632000	-0.292515
397.808000	-0.516228
397.984000	-0.586192
398.159000	-0.555790
398.335000	-0.363531
398.511000	0.143721
398.686000	-0.106612
398.862000	-0.362856
399.038000	-0.471765
399.213000	-0.192023
399.389000	-0.481446
399.565000	-0.229487
399.741000	-0.035158
399.916000	-0.069576
400.092000	0.187925
400.268000	-0.180773
400.443000	-0.310553
400.619000	0.066524
400.795000	-0.080975
400.970000	-0.295782
401.146000	-0.356046
401.322000	-0.029753
401.497000	0.363852
401.673000	0.009961
401.849000	-0.324802
402.025000	-0.086153
402.200000	-0.159161
402.376000	-0.347747
402.552000	0.097546
402.727000	-0.057691
402.903000	-0.405793
403.079000	-0.302091
403.254000	-0.007031
403.430000	-0.085210
403.606000	-0.200086
403.782000	-0.180271
403.957000	-0.360164
404.133000	-0.512839
404.309000	-0.346939
404.484000	-0.099371
404.660000	-0.124912
404.841000	-0.248572
405.023000	-0.037710
405.204000	-0.158292
405.385000	-0.412318
405.566000	-0.371239
405.748000	-0.290180
405.929000	-0.069706
406.110000	-0.153269
406.292000	-0.296517
406.473000	-0.191189
406.654000	-0.327744
406.835000	-0.225693
407.017000	-0.263943
407.198000	-0.189190
407.379000	-0.199685
407.560000	-0.255568
407.742000	-0.274257
407.923000	-0.233782
408.104000	-0.383142
408.286000	-0.232200
408.467000	-0.156729
408.648000	-0.390945
408.829000	-0.420071
409.011000	-0.273456
409.192000	-0.497484
409.373000	-0.257453
409.555000	-0.140580
409.736000	-0.125812
409.917000	-0.253947
410.098000	-0.235724
410.280000	-0.135484
410.461000	-0.168029
410.642000	-0.146442
410.823000	0.094400
411.005000	0.009589
411.186000	-0.198762
411.367000	-0.305946
411.549000	-0.297499
411.730000	-0.064417
411.911000	0.067045
412.092000	-0.129598
412.274000	-0.201732
412.455000	-0.134314
412.636000	-0.139869
412.818000	-0.304324
412.999000	-0.447354
413.180000	-0.358152
413.361000	-0.302511
413.543000	-0.314388
413.724000	-0.423942
413.905000	-0.477792
414.087000	-0.449119
414.268000	-0.382836
414.449000	-0.399589
414.630000	-0.476272
414.812000	-0.585096
414.993000	-0.189817
415.174000	-0.003984
415.355000	-0.244530
415.537000	-0.552081
415.718000	-0.217064
415.899000	-0.280148
416.081000	-0.384776
416.262000	-0.225641
416.443000	-0.367228
416.624000	-0.345368
416.806000	-0.222355
416.987000	-0.059491
417.168000	-0.180032
417.350000	-0.387569
417.531000	-0.403522
417.712000	-0.377374
417.893000	-0.144889
418.075000	-0.063721
418.256000	-0.343003
418.437000	-0.226534
418.618000	-0.116121
418.800000	-0.027356
418.981000	-0.232022
419.162000	-0.186741
419.344000	-0.016852
419.525000	-0.175949
419.706000	-0.293573
419.887000	-0.118496
420.069000	0.055934
420.250000	-0.006502
420.431000	-0.066161
420.613000	-0.152500
420.794000	-0.437473
420.975000	-0.058158
421.156000	-0.229195
421.338000	-0.254885
421.519000	-0.244485
421.700000	-0.338623
421.882000	-0.328185
422.063000	-0.117753
422.244000	0.361774
422.425000	0.081419
422.607000	-0.283379
422.788000	-0.295063
422.969000	-0.354983
423.150000	-0.394165
423.332000	-0.480655
423.513000	-0.231399
423.694000	-0.185831
423.876000	-0.174903
424.057000	-0.110141
424.238000	-0.100150
424.419000	-0.074353
424.601000	-0.196945
424.782000	-0.175899
424.963000	-0.019382
425.145000	-0.076445
425.326000	-0.032253
425.507000	0.006441
425.688000	-0.135949
425.870000	-0.295081
426.051000	-0.370524
426.232000	-0.326602
426.413000	-0.307747
426.595000	-0.316469
426.776000	-0.342146
426.957000	-0.286568
427.139000	-0.205301
427.320000	-0.164708
427.501000	-0.074212
427.682000	-0.148994
427.864000	-0.128192
428.045000	0.050647
428.226000	0.001303
428.408000	-0.300774
428.589000	-0.216519
428.770000	-0.278119
428.951000	-0.391289
429.133000	-0.472524
429.314000	-0.196716
429.495000	-0.201189
429.677000	-0.263629
429.858000	-0.269064
430.039000	-0.184313
430.220000	-0.145671
430.402000	-0.080961
430.583000	-0.349075
430.764000	-0.334856
430.945000	-0.145258
431.127000	-0.047223
431.308000	-0.191837
431.489000	-0.029382
431.671000	0.006414
431.852000	-0.123591
432.033000	-0.207707
432.214000	-0.100470
432.396000	-0.034247
432.577000	-0.222463
432.758000	-0.393849
432.940000	-0.322128
433.121000	-0.207317
433.302000	-0.143247
433.483000	-0.051872
433.665000	0.044304
433.846000	-0.064545
434.027000	-0.174815
434.208000	-0.307724
434.390000	-0.371891
434.571000	0.049186
434.752000	0.444416
434.934000	0.225349
435.115000	0.093610
435.296000	0.163453
435.477000	0.033590
435.659000	-0.252351
435.840000	-0.139526
436.026000	-0.163735
436.211000	-0.311124
436.397000	-0.559862
436.582000	-0.432473
436.768000	-0.201981
436.953000	-0.287280
437.139000	-0.274456
437.325000	0.095941
437.510000	0.040071
437.696000	0.102940
437.881000	0.071340
438.067000	-0.256073
438.252000	-0.186483
438.438000	-0.203183
438.624000	-0.212811
438.809000	-0.149677
438.995000	-0.068173
439.180000	-0.132348
439.366000	-0.177472
439.551000	-0.224815
439.737000	-0.117521
439.923000	-0.053489
440.108000	-0.210112
440.294000	-0.150297
440.479000	0.020047
440.665000	0.071467
440.850000	-0.059419
441.036000	-0.078238
441.222000	-0.099678
441.407000	-0.234904
441.593000	-0.164074
441.778000	0.003483
441.964000	0.080448
442.149000	-0.245073
442.335000	-0.306246
442.521000	-0.135061
442.706000	0.001150
442.892000	-0.150285
443.077000	-0.275102
443.263000	-0.122651
443.448000	-0.158614
443.634000	-0.222674
443.820000	0.112330
444.005000	0.001134
444.191000	-0.239753
444.376000	-0.182079
444.562000	0.144997
444.747000	0.118637
444.933000	0.001127
445.119000	-0.095536
445.304000	-0.209788
445.490000	-0.075195
445.675000	-0.043750
445.861000	-0.219331
446.046000	-0.232320
446.232000	-0.113198
446.418000	-0.059335
446.603000	-0.090671
446.789000	-0.108465
446.974000	-0.155898
447.160000	-0.363199
447.345000	-0.207883
447.531000	-0.236579
447.717000	-0.081577
447.902000	-0.010099
448.088000	0.076975
448.273000	-0.085459
448.459000	-0.147195
448.644000	-0.209285
448.830000	-0.270086
449.016000	-0.352041
449.201000	-0.262825
449.387000	-0.107812
449.572000	-0.034352
449.758000	-0.171648
449.943000	-0.278356
450.129000	-0.261783
450.315000	-0.256880
450.500000	-0.250483
450.686000	-0.173559
450.871000	-0.326428
451.057000	-0.199940
451.243000	-0.177642
451.428000	-0.151365
451.614000	-0.128961
451.799000	-0.190573
451.985000	-0.007708
452.170000	0.047302
452.356000	-0.161591
452.542000	-0.197003
452.727000	-0.055953
452.913000	-0.154948
453.098000	-0.012087
453.284000	0.119725
453.469000	0.009897
453.655000	0.128441
453.841000	0.038362
454.026000	-0.112400
454.212000	-0.094668
454.397000	-0.081720
454.583000	-0.275875
454.768000	-0.372751
454.954000	-0.098874
455.140000	-0.048811
455.325000	-0.256482
455.511000	-0.338200
455.696000	-0.290379
455.882000	-0.139981
456.067000	0.090109
456.253000	-0.129200
456.439000	-0.259448
456.624000	-0.271578
456.810000	-0.298885
456.995000	-0.290645
457.181000	-0.335138
457.366000	-0.103997
457.552000	-0.095028
457.738000	-0.024530
457.923000	-0.041668
458.109000	0.155391
458.294000	0.105988
458.480000	0.088968
458.665000	-0.003206
458.851000	-0.167493
459.037000	-0.365609
459.222000	-0.196066
459.408000	-0.168515
459.593000	-0.155045
459.779000	-0.011565
459.964000	0.127437
460.150000	0.231060
460.336000	0.131749
460.521000	-0.042915
460.707000	-0.159774
460.892000	-0.286618
461.078000	-0.099245
461.263000	0.036400
461.449000	-0.092892
461.635000	-0.142837
461.820000	-0.096768
462.006000	-0.007253
462.191000	-0.075357
462.377000	-0.276867
462.562000	0.091895
462.748000	0.312064
462.934000	-0.130954
463.119000	-0.310992
463.305000	-0.133882
463.490000	-0.198324
463.676000	-0.172318
463.861000	-0.193554
464.047000	-0.188858
464.233000	-0.112570
464.418000	-0.114475
464.604000	-0.182961
464.789000	0.027313
464.975000	0.035293
465.160000	-0.154539
465.346000	-0.164547
465.532000	-0.223422
465.717000	-0.208929
465.903000	0.003023
466.088000	-0.037239
466.274000	-0.267356
466.459000	-0.259646
466.645000	0.103400
466.831000	0.042896
467.016000	0.038842
467.202000	-0.037015
467.387000	-0.090781
467.573000	-0.227527
467.758000	0.010883
467.944000	-0.093948
468.130000	-0.239562
468.315000	-0.140234
468.501000	0.058470
468.686000	-0.026693
468.872000	-0.004945
469.057000	0.038559
469.243000	-0.090097
469.429000	-0.103881
469.614000	-0.196407
469.800000	-0.285243
469.985000	-0.101344
470.171000	-0.006862
470.356000	-0.152503
470.542000	-0.050371
470.728000	-0.052166
470.913000	-0.120462
471.099000	-0.002936
471.284000	-0.099552
471.470000	-0.131283
471.655000	-0.113533
471.841000	-0.130887
472.027000	-0.212411
472.212000	0.014695
472.398000	0.056025
472.583000	-0.063957
472.769000	-0.056190
472.954000	-0.077756
473.140000	-0.202869
473.326000	-0.258082
473.511000	0.028400
473.697000	0.026473
473.882000	-0.156536
474.068000	-0.174589
474.253000	-0.232770
474.439000	-0.138704
474.625000	-0.069716
474.810000	-0.105140
474.996000	-0.093348
475.181000	-0.220271
475.367000	-0.051940
475.552000	0.138967
475.738000	-0.159745
475.924000	-0.126709
476.109000	0.004909
476.295000	-0.128690
476.480000	-0.140623
476.666000	-0.148264
476.851000	-0.140334
477.037000	-0.091744
477.223000	-0.160167
477.408000	-0.250637
477.594000	-0.315210
477.779000	-0.172196
477.965000	-0.193911
478.151000	-0.292283
478.336000	-0.123128
478.522000	-0.173933
478.707000	-0.234835
478.893000	-0.150644
479.078000	-0.314866
479.264000	-0.297175
479.450000	-0.200501
479.635000	-0.093703
479.821000	-0.147224
480.006000	-0.133290
480.192000	-0.139082
480.377000	-0.105774
480.563000	-0.107645
480.749000	-0.331051
480.934000	-0.287262
481.120000	-0.138679
481.305000	-0.046162
481.491000	-0.073963
481.676000	-0.058316
481.862000	0.020804
482.048000	-0.142874
482.233000	-0.111211
482.419000	-0.150918
482.604000	-0.214267
482.790000	-0.200448
482.975000	-0.172960
483.161000	0.014781
483.347000	-0.042304
483.532000	-0.099384
483.718000	-0.307036
483.903000	-0.265945
484.089000	-0.196265
484.274000	-0.280640
484.460000	-0.172669
484.646000	-0.113478
484.831000	-0.210332
485.017000	-0.174235
485.202000	-0.138534
485.388000	0.087385
485.573000	0.100932
485.759000	-0.089399
485.945000	0.040287
486.130000	-0.122733
486.316000	-0.093313
486.501000	-0.020573
486.687000	-0.190761
486.872000	-0.261433
487.058000	-0.087202
487.244000	-0.093139
487.429000	-0.264920
487.615000	-0.081153
487.800000	0.022484
487.986000	-0.113942
488.171000	0.000976
488.357000	-0.037940
488.543000	-0.068818
488.728000	-0.014544
488.914000	-0.092170
489.099000	-0.158049
489.285000	-0.192818
489.470000	-0.022230
489.656000	-0.002902
489.842000	0.012526
490.027000	0.112391
490.213000	-0.077939
490.398000	-0.350151
490.584000	-0.095163
490.769000	-0.087473
490.955000	-0.045100
491.141000	-0.010532
491.326000	-0.065834
491.512000	0.048637
491.697000	-0.031407
491.883000	-0.145673
492.068000	-0.179971
492.254000	-0.134503
492.440000	-0.075315
492.625000	-0.175847
492.811000	-0.152725
492.996000	-0.050207
493.182000	-0.053824
493.367000	-0.237689
493.553000	-0.309744
493.739000	-0.201457
493.924000	-0.108892
494.110000	-0.100996
494.295000	-0.217376
494.481000	-0.127195
494.666000	-0.087685
494.852000	0.066835
495.038000	-0.093002
495.223000	-0.215447
495.409000	-0.149239
495.594000	-0.188972
495.780000	-0.160349
495.965000	-0.233727
496.151000	-0.000938
496.337000	0.057136
496.522000	-0.187539
496.708000	-0.130162
496.893000	0.017791
497.079000	-0.152242
497.264000	-0.200427
497.450000	-0.131494
497.636000	-0.047605
497.821000	-0.188993
498.007000	0.015827
498.192000	0.118680
498.378000	-0.069964
498.563000	-0.187563
498.749000	-0.144786
498.935000	-0.129644
499.120000	-0.041869
499.306000	-0.196601
499.491000	-0.238814
499.677000	-0.091966
499.862000	0.013987
500.048000	0.049508
500.234000	-0.077336
500.419000	-0.086811
500.605000	0.081283
500.790000	-0.030797
500.976000	-0.223405
501.161000	-0.316795
501.347000	-0.122414
501.533000	-0.017766
501.718000	-0.131765
501.904000	-0.147060
502.089000	-0.030957
502.275000	0.012163
502.460000	-0.083027
502.646000	-0.034557
502.832000	-0.014017
503.017000	-0.088954
503.203000	-0.265359
503.388000	-0.284795
503.574000	-0.064684
503.759000	-0.015932
503.945000	0.027225
504.131000	-0.094819
504.316000	-0.147302
504.502000	-0.111691
504.687000	-0.147751
504.873000	-0.232579
505.058000	-0.290923
505.244000	-0.302148
505.430000	-0.215957
505.615000	-0.125584
505.801000	-0.031216
505.986000	-0.192984
506.172000	-0.100789
506.358000	-0.114236
506.543000	-0.182113
506.729000	0.006609
506.914000	0.025548
507.100000	0.143370
507.285000	-0.063722
507.471000	-0.209952
507.657000	0.018048
507.842000	-0.109088
508.028000	-0.278124
508.213000	-0.225529
508.399000	-0.180225
508.584000	-0.020045
508.770000	-0.103859
508.956000	-0.205020
509.141000	-0.128619
509.327000	-0.056327
509.512000	-0.128374
509.698000	-0.138093
509.883000	-0.065896
510.069000	-0.135021
510.255000	-0.104424
510.440000	-0.068103
510.626000	-0.186948
510.811000	-0.225621
510.997000	-0.110434
511.182000	0.117975
511.368000	-0.000960
511.554000	-0.293031
511.739000	-0.183386
511.925000	0.008647
512.110000	-0.006719
512.296000	0.089488
512.481000	0.068236
512.667000	-0.064461
512.853000	-0.266549
513.038000	-0.137798
513.224000	-0.170603
513.409000	-0.245758
513.595000	-0.130317
513.780000	-0.276903
513.966000	-0.214635
514.152000	-0.220438
514.337000	-0.251342
514.523000	-0.210916
514.708000	-0.180281
514.894000	-0.116974
515.079000	-0.191628
515.265000	-0.149771
515.451000	-0.145967
515.636000	-0.257911
515.822000	-0.107355
516.007000	-0.211842
516.193000	-0.087939
516.378000	-0.010648
516.564000	-0.116960
516.750000	-0.060918
516.935000	0.016446
517.121000	0.004836
517.306000	0.082291
517.492000	0.006787
517.677000	-0.206289
517.863000	-0.233450
518.049000	-0.064921
518.234000	-0.161696
518.420000	-0.045564
518.605000	0.105633
518.791000	0.045526
518.976000	-0.070990
519.162000	-0.193167
519.348000	-0.094177
519.533000	-0.111491
519.719000	0.117426
519.904000	0.028175
520.090000	-0.028118
520.275000	0.142625
520.461000	0.069024
520.647000	-0.109834
520.832000	-0.312850
521.018000	-0.179835
521.203000	-0.115299
521.389000	-0.324346
521.574000	-0.251020
521.760000	-0.105781
521.946000	-0.102209
522.131000	-0.209466
522.317000	-0.170233
522.502000	-0.146824
522.688000	-0.065176
522.873000	-0.131448
523.059000	-0.172465
523.245000	-0.127525
523.430000	-0.221258
523.616000	-0.256276
523.801000	-0.319061
523.987000	-0.284445
524.172000	-0.120216
524.358000	-0.049867
524.544000	-0.088833
524.729000	0.016551
524.915000	0.067339
525.100000	-0.114139
525.286000	-0.077182
525.471000	-0.073481
525.657000	-0.002942
525.843000	-0.215039
526.028000	-0.142478
526.214000	-0.164033
526.399000	-0.290597
526.585000	-0.337949
526.770000	-0.331998
526.956000	-0.200487
527.142000	-0.279446
527.327000	-0.111710
527.513000	-0.165297
527.698000	-0.143682
527.884000	-0.134260
528.069000	-0.231257
528.255000	-0.104351
528.441000	-0.166167
528.626000	-0.134739
528.812000	0.092745
528.997000	-0.054960
529.183000	-0.208760
529.368000	-0.119415
529.554000	-0.153940
529.740000	-0.138230
529.925000	-0.152389
530.111000	-0.154578
530.296000	-0.104216
530.482000	-0.011157
530.667000	-0.116691
530.853000	-0.017305
531.039000	-0.045908
531.224000	-0.105643
531.410000	-0.023583
531.595000	-0.083130
531.781000	-0.029767
531.967000	-0.159989
532.152000	-0.040381
532.338000	-0.106859
532.523000	-0.221401
532.709000	-0.274383
532.894000	-0.185570
533.080000	-0.154283
533.266000	-0.326653
533.451000	-0.302566
533.637000	-0.189322
533.822000	-0.013804
534.008000	-0.196275
534.193000	-0.169316
534.379000	-0.071603
534.565000	-0.164171
534.750000	-0.192781
534.936000	0.055135
535.121000	-0.118142
535.307000	-0.122690
535.492000	-0.107663
535.678000	-0.316166
535.864000	-0.150620
536.049000	0.173604
536.235000	-0.014391
536.420000	-0.056715
536.606000	-0.148326
536.791000	-0.236712
536.977000	-0.262046
537.163000	-0.053064
537.348000	-0.069274
537.534000	-0.014862
537.719000	-0.163892
537.905000	-0.297996
538.090000	-0.068152
538.276000	0.054482
538.462000	0.040704
538.647000	0.054881
538.833000	-0.099796
539.018000	-0.001180
539.204000	-0.055477
539.389000	-0.198472
539.575000	0.136787
539.761000	0.070528
539.946000	-0.214984
540.132000	-0.138656
540.317000	-0.250298
540.503000	-0.071495
540.688000	-0.045118
540.874000	0.157782
541.060000	0.316683
541.245000	0.165841
541.431000	-0.016030
541.616000	-0.006182
541.802000	-0.070540
541.987000	0.083153
542.173000	0.083470
542.359000	-0.056128
542.544000	0.048574
542.730000	-0.123794
542.915000	-0.159189
543.101000	0.033863
543.286000	-0.099287
543.472000	-0.211195
543.658000	-0.165788
543.843000	-0.117987
544.029000	0.131093
544.214000	-0.011469
544.400000	-0.371263
544.585000	-0.198186
544.771000	-0.026939
544.957000	0.178695
545.142000	0.222588
545.328000	0.236074
545.513000	0.288211
545.699000	0.219363
545.884000	0.040266
546.070000	-0.006497
546.261000	0.009130
546.451000	-0.166150
546.642000	-0.394468
546.833000	-0.224486
547.023000	-0.292685
547.214000	-0.238521
547.405000	-0.046114
547.595000	0.222954
547.786000	0.173488
547.977000	-0.126155
548.167000	-0.322962
548.358000	-0.214923
548.549000	0.183558
548.740000	-0.017418
548.930000	-0.360542
549.121000	-0.275552
549.312000	-0.303593
549.502000	-0.388185
549.693000	-0.222992
549.884000	-0.155466
550.074000	-0.055622
550.265000	-0.202619
550.456000	-0.129501
550.646000	-0.031427
550.837000	-0.056042
551.028000	-0.184775
551.218000	-0.077996
551.409000	-0.202026
551.600000	-0.136174
551.790000	0.017952
551.981000	-0.225080
552.172000	-0.225499
552.362000	0.048399
552.553000	0.037526
552.744000	-0.129171
552.934000	-0.109821
553.125000	-0.176862
553.316000	-0.213206
553.506000	0.166169
553.697000	-0.068677
553.888000	-0.132916
554.079000	0.077012
554.269000	0.091105
554.460000	-0.282436
554.651000	-0.316485
554.841000	-0.471740
555.032000	-0.314505
555.223000	-0.179364
555.413000	-0.060461
555.604000	-0.097430
555.795000	-0.179798
555.985000	-0.061002
556.176000	-0.174175
556.367000	-0.468614
556.557000	-0.313924
556.748000	-0.223449
556.939000	-0.274262
557.129000	-0.350703
557.320000	-0.183274
557.511000	-0.185769
557.701000	-0.188307
557.892000	-0.180533
558.083000	0.044019
558.273000	-0.055389
558.464000	-0.231513
558.655000	-0.251181
558.845000	-0.145738
559.036000	-0.032567
559.227000	-0.106274
559.418000	-0.004259
559.608000	0.043990
559.799000	-0.259359
559.990000	-0.283355
560.180000	-0.230086
560.371000	-0.402911
560.562000	-0.393826
560.752000	-0.210515
560.943000	-0.357617
561.134000	-0.503267
561.324000	-0.271745
561.515000	-0.021081
561.706000	-0.175870
561.896000	-0.405729
562.087000	-0.273453
562.278000	-0.301382
562.468000	-0.458837
562.659000	-0.331643
562.850000	0.043407
563.040000	0.096616
563.231000	-0.382563
563.422000	-0.266774
563.612000	-0.384523
563.803000	-0.327994
563.994000	-0.354201
564.185000	-0.406302
564.375000	-0.176314
564.566000	-0.231565
564.757000	-0.248895
564.947000	-0.401370
565.138000	-0.258830
565.329000	-0.299749
565.519000	-0.487358
565.710000	-0.349649
565.901000	-0.095425
566.091000	0.017965
566.282000	-0.205437
566.473000	-0.210299
566.663000	-0.212801
566.854000	-0.362378
567.045000	-0.222318
567.235000	-0.113184
567.426000	-0.113143
567.617000	-0.131751
567.807000	-0.216056
567.998000	-0.204767
568.189000	-0.313177
568.379000	-0.252881
568.570000	-0.112085
568.761000	-0.152276
568.951000	-0.227379
569.142000	-0.235768
569.333000	-0.260014
569.524000	-0.401310
569.714000	-0.471061
569.905000	-0.569395
570.096000	-0.121894
570.286000	0.004013
570.477000	0.086714
570.668000	-0.126617
570.858000	-0.150600
571.049000	-0.256317
571.240000	-0.389319
571.430000	-0.152605
571.621000	-0.241979
571.812000	-0.175148
572.002000	-0.122689
572.193000	-0.309516
572.384000	-0.217226
572.574000	-0.133076
572.765000	-0.219636
572.956000	-0.247791
573.146000	-0.040704
573.337000	-0.216220
573.528000	-0.210611
573.718000	-0.016961
573.909000	0.032572
574.100000	-0.081787
574.290000	-0.260109
574.481000	-0.192386
574.672000	-0.182265
574.863000	-0.050213
575.053000	-0.201755
575.244000	-0.142304
575.435000	-0.259998
575.625000	-0.281803
575.816000	-0.253436
576.007000	-0.133724
576.197000	-0.161996
576.388000	-0.202026
576.579000	-0.059699
576.769000	-0.036793
576.960000	-0.308062
577.155000	-0.463977
577.350000	-0.203293
577.545000	-0.056715
577.740000	-0.174668
577.935000	0.201895
578.130000	0.071534
578.326000	-0.331556
578.521000	0.011255
578.716000	0.038589
578.911000	-0.309617
579.106000	-0.135026
579.301000	0.025935
579.496000	-0.171123
579.691000	-0.409608
579.886000	-0.300577
580.081000	-0.167819
580.276000	-0.098978
580.471000	-0.226023
580.666000	-0.376865
580.861000	-0.388924
581.057000	-0.374537
581.252000	-0.235513
581.447000	-0.286122
581.642000	-0.271968
581.837000	-0.274038
582.032000	-0.227108
582.227000	-0.018111
582.422000	-0.022898
582.617000	-0.195552
582.812000	-0.300352
583.007000	-0.264310
583.202000	-0.328288
583.397000	-0.093978
583.592000	0.138939
583.788000	-0.140863
583.983000	-0.164382
584.178000	-0.109808
584.373000	-0.290764
584.568000	-0.273710
584.763000	-0.276327
584.958000	-0.396237
585.153000	-0.304548
585.348000	-0.306732
585.543000	-0.121172
585.738000	-0.151690
585.933000	-0.325804
586.128000	-0.118753
586.324000	-0.104918
586.519000	-0.085993
586.714000	0.020042
586.909000	0.043698
587.104000	0.029624
587.299000	-0.105159
587.494000	-0.107377
587.689000	-0.166702
587.884000	-0.157717
588.079000	-0.252602
588.274000	-0.231681
588.469000	-0.188531
588.664000	-0.091421
588.859000	-0.117712
589.055000	-0.158320
589.250000	-0.177451
589.445000	-0.301673
589.640000	-0.273276
589.835000	0.001196
590.030000	0.120780
590.225000	0.060999
590.420000	-0.135343
590.615000	-0.214585
590.810000	-0.221530
591.005000	-0.217627
591.200000	-0.270642
591.395000	-0.311492
591.591000	-0.222112
591.786000	-0.164345
591.981000	-0.210551
592.176000	-0.155522
592.371000	-0.124225
592.566000	-0.174753
592.761000	0.032535
592.956000	-0.063974
593.151000	-0.066421
593.346000	-0.148954
593.541000	-0.081054
593.736000	-0.122561
593.931000	-0.280435
594.126000	-0.166565
594.322000	-0.134949
594.517000	-0.256472
594.712000	-0.400078
594.907000	-0.438130
595.102000	-0.262735
595.297000	-0.035416
595.492000	0.018357
595.687000	-0.212147
595.882000	-0.288322
596.077000	-0.205290
596.272000	-0.025810
596.467000	0.018441
596.662000	-0.161213
596.857000	-0.196452
597.053000	-0.149753
597.248000	-0.068040
597.443000	-0.043356
597.638000	-0.068294
597.833000	-0.279653
598.028000	-0.170062
598.223000	-0.093281
598.418000	-0.145779
598.613000	-0.250408
598.808000	-0.135898
599.003000	-0.143533
599.198000	-0.348663
599.393000	-0.241117
599.589000	-0.146568
599.784000	-0.322171
599.979000	-0.237277
600.174000	-0.036433
600.369000	-0.222598
600.564000	-0.129702
600.759000	0.104640
600.954000	0.137187
601.149000	-0.016412
601.344000	-0.307088
601.539000	-0.163213
601.734000	-0.253976
601.929000	-0.442094
602.124000	-0.351182
602.320000	-0.163830
602.515000	0.057159
602.710000	0.049640
602.905000	-0.250712
603.100000	-0.318921
603.295000	-0.245677
603.490000	-0.128935
603.685000	-0.088099
603.880000	-0.113774
604.075000	-0.319116
604.270000	-0.309518
604.465000	-0.247683
604.660000	-0.422557
604.856000	-0.286202
605.051000	-0.091298
605.246000	-0.093793
605.441000	-0.392160
605.636000	-0.459152
605.831000	-0.320837
606.026000	-0.367071
606.221000	-0.388209
606.416000	-0.213077
606.611000	-0.071097
606.806000	-0.060700
607.001000	0.112504
607.196000	-0.148851
607.391000	-0.314967
607.587000	-0.084421
607.782000	-0.110543
607.977000	-0.359390
608.172000	0.048155
608.367000	0.115830
608.562000	-0.199522
608.757000	-0.243782
608.952000	-0.273097
609.147000	0.137031
609.342000	0.037905
609.537000	-0.213445
609.732000	-0.179683
609.927000	-0.255246
610.122000	-0.184879
610.318000	0.066936
610.513000	0.193035
610.708000	-0.003944
610.903000	0.038166
611.098000	0.064625
611.293000	-0.062004
611.488000	-0.046179
611.683000	-0.038330
611.878000	-0.054207
612.073000	0.035708
612.268000	-0.014563
612.463000	0.049096
612.658000	0.009289
612.854000	-0.041221
613.049000	-0.110416
613.244000	0.051912
613.439000	0.102533
613.634000	-0.150845
613.829000	-0.076112
614.024000	-0.260999
614.219000	-0.231520
614.414000	0.097758
614.609000	-0.113997
614.804000	-0.272323
614.999000	-0.296199
615.194000	-0.232469
615.389000	-0.176239
615.585000	-0.281691
615.780000	-0.147033
615.975000	-0.220314
616.170000	-0.150138
616.365000	0.036557
616.560000	0.139593
616.755000	0.074767
616.950000	-0.047599
617.145000	0.017696
617.340000	-0.178492
617.535000	-0.431916
617.730000	-0.200562
617.925000	-0.296549
618.120000	-0.373195
618.316000	-0.001370
618.511000	-0.124785
618.706000	-0.306872
618.901000	-0.204934
619.096000	-0.056606
619.291000	-0.150358
619.486000	-0.156370
619.681000	-0.444549
619.876000	-0.458201
620.071000	-0.336678
620.266000	-0.045833
620.461000	0.026436
620.656000	-0.068304
620.852000	-0.079356
621.047000	-0.249813
621.242000	-0.364733
621.437000	-0.037821
621.632000	0.063170
621.827000	-0.105378
622.022000	-0.378246
622.217000	-0.235456
622.412000	-0.063515
622.607000	-0.052274
622.802000	-0.309567
622.997000	-0.319157
623.192000	-0.165947
623.387000	-0.151796
623.583000	-0.362473
623.778000	0.081247
623.973000	0.067038
624.168000	-0.107228
624.363000	-0.095643
624.558000	0.018589
624.753000	-0.294081
624.948000	-0.061801
625.143000	-0.010068
625.338000	-0.073476
625.533000	-0.203201
625.728000	-0.122629
625.923000	0.059189
626.119000	-0.094053
626.314000	-0.363541
626.509000	-0.364658
626.704000	-0.286961
626.899000	-0.298872
627.094000	-0.343086
627.289000	-0.343874
627.484000	-0.268413
627.679000	-0.253973
627.874000	-0.213143
628.069000	0.086854
628.264000	-0.048535
628.459000	-0.172483
628.654000	-0.184444
628.850000	-0.300588
629.045000	-0.203085
629.240000	-0.286384
629.435000	-0.337273
629.630000	-0.174165
629.825000	-0.165229
630.020000	-0.177835
630.215000	-0.443599
630.410000	-0.343389
630.605000	-0.301649
630.800000	-0.205570
630.995000	0.004512
631.190000	0.185375
631.385000	-0.034684
631.581000	-0.222057
631.776000	-0.179876
631.971000	-0.323004
632.166000	-0.213984
632.361000	-0.350899
632.556000	-0.193188
632.751000	-0.004578
632.946000	-0.221354
633.141000	-0.271027
633.336000	-0.219309
633.531000	-0.149220
633.726000	-0.170547
633.921000	-0.343561
634.117000	-0.507991
634.312000	-0.616694
634.507000	-0.546187
634.702000	-0.348760
634.897000	-0.234390
635.092000	-0.144740
635.287000	-0.070177
635.482000	-0.251737
635.677000	-0.211152
635.872000	-0.170504
636.067000	-0.076826
636.262000	-0.177860
636.457000	-0.471849
636.652000	-0.422315
636.848000	-0.435827
637.043000	-0.409195
637.238000	-0.369081
637.433000	-0.439111
637.628000	-0.340813
637.823000	-0.138113
638.018000	-0.039764
638.213000	-0.231147
638.408000	-0.352628
638.603000	-0.381896
638.798000	-0.398453
638.993000	-0.338294
639.188000	-0.389734
639.383000	-0.316225
639.579000	0.101021
639.774000	-0.123815
639.969000	-0.316906
640.164000	-0.398248
640.359000	-0.447100
640.554000	-0.198788
640.749000	-0.173406
640.944000	-0.115314
641.139000	-0.141012
641.334000	-0.345856
641.529000	-0.678447
641.724000	-0.490321
641.919000	-0.403205
642.115000	-0.080180
642.310000	-0.057190
642.505000	-0.171509
642.700000	-0.191456
642.895000	-0.339762
643.090000	-0.214951
643.285000	-0.021334
643.480000	-0.064147
643.675000	-0.070787
643.870000	0.252355
644.065000	0.090892
644.260000	-0.318866
644.455000	-0.223457
644.650000	-0.363396
644.846000	-0.210742
645.041000	-0.419646
645.236000	-0.566986
645.431000	-0.487876
645.626000	-0.723885
645.821000	-0.474085
646.016000	-0.305302
646.211000	0.115331
646.406000	-0.041865
646.601000	-0.028440
646.796000	-0.252564
646.991000	-0.530301
647.186000	-0.360464
647.381000	-0.129180
647.577000	-0.196474
647.772000	-0.095723
647.967000	-0.132929
648.162000	-0.126299
648.357000	-0.139959
648.552000	-0.018541
648.747000	-0.048910
648.942000	-0.038816
649.137000	-0.150659
649.332000	-0.289848
649.527000	-0.262617
649.722000	-0.079605
649.917000	0.042467
650.113000	-0.208687
650.308000	-0.355102
650.503000	-0.310760
650.698000	-0.161790
650.893000	-0.253934
651.088000	-0.110849
651.283000	-0.049564
651.478000	-0.398223
651.673000	-0.145128
651.868000	-0.272017
652.063000	-0.001714
652.258000	0.152681
652.453000	0.299418
652.648000	-0.056539
652.844000	-0.186886
653.039000	-0.128809
653.234000	-0.517116
653.429000	-0.635071
653.624000	-0.417907
653.819000	-0.125820
654.014000	-0.201696
654.209000	-0.375069
654.404000	-0.184750
654.599000	-0.257924
654.794000	-0.302408
654.989000	-0.067593
655.184000	-0.074613
655.380000	-0.424779
655.575000	-0.487251
655.770000	-0.394269
655.965000	-0.255383
656.160000	-0.262471
656.355000	-0.137291
656.550000	-0.217900
656.745000	-0.148273
656.940000	-0.315992
657.135000	-0.277516
657.330000	-0.246200
657.525000	-0.382668
657.720000	-0.145284
657.915000	-0.071700
658.111000	-0.190690
658.306000	0.089293
658.501000	-0.131615
658.696000	-0.387671
658.891000	-0.071954
659.086000	-0.177181
659.281000	-0.170442
659.476000	-0.438148
659.671000	-0.786481
659.866000	-0.448861
660.061000	-0.191995
660.256000	-0.061678
660.451000	-0.146395
660.646000	-0.362055
660.842000	-0.242238
661.037000	-0.415674
661.232000	-0.412727
661.427000	-0.224784
661.622000	-0.342230
661.817000	-0.466230
662.012000	-0.225702
662.207000	-0.311221
662.402000	-0.358359
662.597000	-0.151649
662.792000	-0.543652
662.987000	-0.596636
663.182000	-0.326612
663.378000	-0.316157
663.573000	-0.610589
663.768000	-0.602175
663.963000	-0.409640
664.158000	-0.409266
664.353000	0.059219
664.548000	0.285226
664.743000	-0.095183
664.938000	-0.475865
665.133000	-0.404670
665.328000	0.005404
665.523000	-0.070384
665.718000	-0.279766
665.913000	-0.276570
666.109000	-0.204721
666.304000	-0.041655
666.499000	-0.164706
666.694000	0.005445
666.889000	0.306719
667.084000	-0.056451
667.279000	-0.322125
667.474000	-0.300455
667.669000	-0.223921
667.864000	-0.322609
668.059000	-0.220877
668.254000	-0.210191
668.449000	-0.375112
668.644000	-0.291206
668.840000	-0.016462
669.035000	-0.243615
669.230000	-0.545862
669.425000	-0.167364
669.620000	-0.332864
669.815000	-0.430044
670.010000	-0.466526
670.205000	-0.215925
670.400000	-0.233963
670.595000	-0.168152
670.790000	-0.316404
670.985000	-0.257463
671.180000	0.009272
671.376000	-0.380472
671.571000	-0.511521
671.766000	-0.445588
671.961000	-0.509170
672.156000	-0.517274
672.351000	-0.416530
672.546000	-0.458587
672.741000	-0.240933
672.936000	-0.114079
673.131000	0.328163
673.326000	-0.005641
673.521000	-0.427229
673.716000	-0.498736
673.911000	-0.698729
674.107000	-0.126423
674.302000	0.156722
674.497000	-0.134216
674.692000	-0.410503
674.887000	-0.484033
675.082000	-0.351692
675.277000	-0.078052
675.472000	-0.242088
675.667000	-0.406643
675.862000	-0.460333
676.057000	-0.330668
676.252000	-0.296890
676.447000	-0.382102
676.643000	-0.166913
676.838000	0.094187
677.033000	-0.132817
677.228000	0.183322
677.423000	0.055995
677.618000	-0.516940
677.813000	-0.613386
678.008000	-0.347474
678.203000	-0.258452
678.398000	-0.461389
678.593000	-0.223957
678.788000	-0.150440
678.983000	-0.462478
679.178000	-0.275283
679.374000	-0.361712
679.569000	-0.256684
679.764000	-0.371428
679.959000	-0.581132
680.154000	-0.573368
680.349000	-0.705847
680.544000	-0.554838
680.739000	-0.397087
680.934000	-0.539870
681.129000	-0.600874
681.324000	-0.625441
681.519000	-0.312711
681.714000	-0.440340
681.909000	-0.543288
682.105000	-0.616662
682.300000	-0.114195
682.495000	-0.026031
682.690000	-0.138479
682.885000	-0.327394
683.080000	-0.420952
683.275000	-0.376831
683.470000	-0.135178
683.665000	0.050551
683.860000	0.419280
684.055000	0.160107
684.250000	-0.306325
684.445000	-0.382804
684.641000	0.062977
684.836000	-0.177035
685.031000	-0.283871
685.226000	-0.304705
685.421000	0.084081
685.616000	-0.203024
685.811000	-0.363854
686.006000	-0.047276
686.201000	-0.104970
686.396000	-0.547520
686.591000	-0.594165
686.786000	-0.060133
686.981000	-0.201153
687.176000	-0.185012
687.372000	-0.289277
687.567000	0.056216
687.762000	0.010439
687.957000	-0.156579
688.152000	-0.290812
688.347000	-0.236842
688.542000	-0.447545
688.737000	-0.909396
688.932000	-1.020338
689.127000	-0.507720
689.322000	-0.073945
689.517000	-0.314729
689.712000	-0.544776
689.908000	-0.434988
690.103000	-0.406068
690.298000	-0.163730
690.493000	-0.215325
690.688000	-0.608351
690.883000	-0.400537
691.078000	0.032139
691.273000	0.019286
691.468000	-0.281262
691.663000	-0.273711
691.858000	-0.109934
692.053000	-0.109930
692.248000	-0.071204
692.443000	-0.196341
692.639000	-0.227019
692.834000	-0.045516
693.029000	0.526887
693.224000	0.572960
693.419000	-0.119932
693.614000	-0.334260
693.809000	-0.496291
694.004000	-0.589225
694.199000	-0.545274
694.394000	-0.252688
694.589000	-0.635689
694.784000	-0.618720
694.979000	-0.323683
695.174000	-0.315673
695.370000	0.174098
695.565000	-0.033137
695.760000	-0.307772
695.955000	-0.024415
696.150000	0.006661
696.345000	-0.381134
696.540000	-0.162991
696.740000	-0.354760
696.940000	-0.203193
697.140000	-0.011222
697.340000	-0.231574
697.539000	-0.047239
697.739000	-0.222788
697.939000	-0.213934
698.139000	-0.435077
698.339000	-0.803273
698.539000	-0.635466
698.739000	-0.736945
698.939000	-0.535196
699.138000	-0.540644
699.338000	0.179600
699.538000	0.330902
699.738000	-0.194545
699.938000	-0.368802
700.138000	-0.497923
700.338000	-0.632831
700.538000	-0.279138
700.737000	-0.265209
700.937000	-0.724289
701.137000	-0.734613
701.337000	-0.136575
701.537000	-0.034799
701.737000	-0.210847
701.937000	-0.318147
702.137000	-0.476084
702.337000	-0.700203
702.536000	-0.724942
702.736000	-0.651133
702.936000	-0.745584
703.136000	-0.180500
703.336000	-0.227332
703.536000	-0.383072
703.736000	-0.718736
703.936000	-0.651402
704.135000	-0.622870
704.335000	-0.294629
704.535000	-0.583777
704.735000	-0.669547
704.935000	-0.144013
705.135000	-0.125735
705.335000	-0.416552
705.535000	-0.192931
705.735000	-0.102402
705.934000	-0.249924
706.134000	-0.478587
706.334000	-0.431989
706.534000	-0.513874
706.734000	-0.600394
706.934000	-0.614712
707.134000	-0.672292
707.334000	-0.414783
707.533000	-0.309860
707.733000	-0.376843
707.933000	-0.506965
708.133000	-0.194381
708.333000	-0.127849
708.533000	-0.447092
708.733000	-0.089405
708.933000	-0.258777
709.132000	-0.448289
709.332000	-0.415065
709.532000	-0.518153
709.732000	-0.347360
709.932000	-0.801085
710.132000	-0.805450
710.332000	-1.004526
710.532000	-0.323791
710.732000	-0.114736
710.931000	-0.461727
711.131000	-0.483153
711.331000	-0.321531
711.531000	-0.494179
711.731000	-0.426409
711.931000	-0.367864
712.131000	-0.470991
712.331000	-0.189937
712.530000	-0.317819
712.730000	-0.605199
712.930000	-0.417324
713.130000	-0.334533
713.330000	-0.419304
713.530000	-0.346141
713.730000	0.306437
713.930000	-0.042340
714.129000	-0.490130
714.329000	-0.701363
714.529000	-0.406531
714.729000	-0.117462
714.929000	-0.212438
715.129000	-0.528220
715.329000	-0.388389
715.529000	-0.329596
715.729000	0.308886
715.928000	0.012588
716.128000	-0.289701
716.328000	-0.174336
716.528000	-0.321247
716.728000	-0.275782
716.928000	-0.457995
717.128000	-0.266281
717.328000	-0.332163
717.527000	-0.525506
717.727000	-0.465031
717.927000	-0.435935
718.127000	-0.436184
718.327000	-0.912279
718.527000	-0.845415
718.727000	-0.345125
718.927000	-0.494296
719.127000	-0.722569
719.326000	-0.535246
719.526000	-0.141113
719.726000	-0.218542
719.926000	-0.704526
720.126000	-0.725289
720.326000	-0.596145
720.526000	-0.585931
720.726000	-0.437540
720.925000	-0.261655
721.125000	-0.663061
721.325000	-0.397354
721.525000	-0.221287
721.725000	-0.361910
721.925000	-0.347263
722.125000	-0.441295
722.325000	-0.044386
722.524000	-0.327358
722.724000	-0.778770
722.924000	-0.888844
723.124000	-0.685182
723.324000	-0.160303
723.524000	-0.102582
723.724000	-0.797702
723.924000	-0.599761
724.124000	-0.399098
724.323000	-0.172020
724.523000	-0.288213
724.723000	0.045047
724.923000	-0.029157
725.123000	-0.145938
725.323000	0.023923
725.523000	-0.242354
725.723000	-0.529427
725.922000	-0.503389
726.122000	-0.279975
726.322000	-0.451842
726.522000	-0.612859
726.722000	0.195141
726.922000	-0.162951
727.122000	-0.394053
727.322000	-0.018788
727.521000	-0.266374
727.721000	-0.460777
727.921000	-0.282947
728.121000	-0.428355
728.321000	-0.790812
728.521000	-0.576363
728.721000	-0.409290
728.921000	-0.008129
729.121000	0.800641
729.320000	0.214646
729.520000	-0.394007
729.720000	-0.596068
729.920000	-0.402006
730.120000	-0.286418
730.320000	-0.281651
730.520000	-0.604568
730.720000	-0.557076
730.919000	-0.425274
731.119000	-0.228145
731.319000	-0.608461
731.519000	-0.696469
731.719000	-0.421504
731.919000	-0.559550
732.119000	-0.985668
732.319000	-0.983223
732.519000	-0.374101
732.718000	-0.690914
732.918000	-0.591531
733.118000	-0.375849
733.318000	-0.120059
733.518000	-0.483068
733.718000	-1.048569
733.918000	-0.870121
734.118000	-0.606915
734.317000	-0.384728
734.517000	-0.720717
734.717000	-0.622746
734.917000	0.019770
735.117000	-0.008482
735.317000	-0.285478
735.517000	0.274918
735.717000	0.577046
735.916000	-0.378122
736.116000	-0.587994
736.316000	-0.385840
736.516000	-0.357148
736.716000	-0.300156
736.916000	-0.840995
737.116000	-0.585506
737.316000	0.141306
737.516000	-0.112691
737.715000	-0.315156
737.915000	-0.795480
738.115000	-0.745773
738.315000	-0.484966
738.515000	-0.815862
738.715000	-0.557811
738.915000	0.043866
739.115000	-0.559482
739.314000	-0.652628
739.514000	-0.038182
739.714000	0.044168
739.914000	-0.180140
740.114000	-0.458591
740.314000	-0.151003
740.514000	0.198681
740.714000	-0.586160
740.913000	-0.986303
741.113000	-0.808781
741.313000	-0.426775
741.513000	-0.541704
741.713000	-0.513150
741.913000	-0.437184
742.113000	-0.448561
742.313000	-0.877918
742.513000	-0.504292
742.712000	-0.505925
742.912000	-0.736361
743.112000	-0.617229
743.312000	-0.886266
743.512000	-0.576916
743.712000	-0.523646
743.912000	-1.027513
744.112000	-1.126384
744.311000	-1.154048
744.511000	-0.681349
744.711000	-0.287436
744.911000	-0.739738
745.111000	-0.870813
745.311000	-0.388118
745.511000	-0.593863
745.711000	-0.824723
745.911000	-0.451849
746.110000	-0.857365
746.310000	-1.081951
746.510000	-0.729131
746.710000	-0.204339
746.910000	-0.116419
747.110000	-0.828854
747.310000	-1.044983
747.510000	-0.757408
747.709000	-0.529664
747.909000	-0.384753
748.109000	-0.130811
748.309000	-0.342083
748.509000	-0.675633
748.709000	-0.800266
748.909000	-0.607243
749.109000	-0.687341
749.308000	-0.048453
749.508000	-0.470102
749.708000	-0.716741
749.908000	-0.204365
750.108000	-0.198466
750.308000	-0.989261
750.508000	-0.206214
750.708000	-0.677787
750.908000	-1.204279
751.107000	-0.378526
751.307000	0.272873
751.507000	-0.247617
751.707000	-0.260492
751.907000	-0.406572
752.107000	-0.374782
752.307000	-0.835281
752.507000	-0.670641
752.706000	-0.710197
752.906000	0.364206
753.106000	-0.419116
753.306000	-0.985424
753.506000	-0.003372
753.706000	-0.557555
753.906000	-0.321066
754.106000	-0.138749
754.305000	-0.254138
754.505000	-0.091729
754.705000	-0.365506
754.905000	-0.557624
755.105000	-0.332329
755.305000	-1.073857
755.505000	-0.787928
755.705000	-0.230817
755.905000	-0.425013
756.104000	-0.971804
756.304000	-1.335052
756.504000	-1.574092
756.704000	-0.597280
756.904000	-0.240871
757.104000	-0.345109
757.304000	-0.457096
757.504000	-0.066702
757.703000	-0.466826
757.903000	-0.123145
758.103000	0.123397
758.303000	-0.335877
758.503000	-0.620355
758.703000	-0.714185
758.903000	-0.750051
759.103000	-0.466960
759.303000	-0.505018
759.502000	-0.377264
759.702000	0.032325
759.902000	-0.501784
760.102000	-0.560884
760.302000	-0.279571
760.502000	-0.119458
760.702000	-0.192133
760.902000	-0.483167
761.101000	-0.921751
761.301000	-0.974462
761.501000	-0.704613
761.701000	-0.823091
761.901000	-0.650869
762.101000	-0.180570
762.301000	-0.364829
762.501000	-0.807710
762.700000	-0.929995
762.900000	-0.811720
763.100000	-0.426731
763.300000	-0.137857
763.500000	-0.406522
763.703000	-0.576149
763.905000	-1.011162
764.108000	-0.288326
764.311000	-0.423185
764.513000	-0.521184
764.716000	-0.372706
764.919000	-0.463679
765.121000	-0.999371
765.324000	-1.100721
765.527000	-1.007723
765.729000	-0.863193
765.932000	-0.171397
766.135000	-0.217039
766.337000	-0.422873
766.540000	-0.699460
766.743000	-0.242588
766.945000	-0.741694
767.148000	-1.467487
767.351000	-1.313236
767.553000	-0.367227
767.756000	-0.623015
767.958000	-1.071786
768.161000	-0.700944
768.364000	-0.998929
768.566000	-1.398445
768.769000	-0.832487
768.972000	-0.472849
769.174000	-0.772190
769.377000	-1.309013
769.580000	-1.406347
769.782000	-0.649427
769.985000	-0.975278
770.188000	-1.824583
770.390000	-1.069937
770.593000	0.496563
770.796000	0.115288
770.998000	-0.552912
771.201000	-0.816303
771.404000	-0.362870
771.606000	-0.828707
771.809000	-0.748394
772.012000	-0.557365
772.214000	-1.416581
772.417000	-1.488975
772.620000	-0.324081
772.822000	-0.592705
773.025000	-0.899301
773.228000	-0.836336
773.430000	-0.845824
773.633000	-0.620366
773.836000	-0.588731
774.038000	-0.338271
774.241000	-0.558201
774.444000	-0.870526
774.646000	0.036753
774.849000	-0.347896
775.052000	-0.658844
775.254000	-0.512540
775.457000	-0.864380
775.659000	-0.776110
775.862000	-0.899516
776.065000	-0.769345
776.267000	-0.160727
776.470000	0.211121
776.673000	-0.492956
776.875000	-0.070629
777.078000	-0.186662
777.281000	-0.845250
777.483000	-0.171259
777.686000	-0.096252
777.889000	-0.222037
778.091000	-0.088280
778.294000	-1.120816
778.497000	-1.021380
778.699000	-0.870760
778.902000	-0.688013
779.105000	-0.552980
779.307000	0.274771
779.510000	-0.741423
779.713000	-0.489116
779.915000	-0.678489
780.118000	0.140957
780.321000	0.295089
780.523000	-0.415799
780.726000	-0.870541
780.929000	-1.196026
781.131000	-1.060486
781.334000	-1.417796
781.537000	-1.456334
781.739000	-0.436867
781.942000	-0.965347
782.145000	-1.405469
782.347000	-1.327983
782.550000	-1.250413
782.753000	-1.272007
782.955000	-1.047546
783.158000	-0.994363
783.361000	-0.654299
783.563000	-0.663190
783.766000	-0.770591
783.968000	1.203968
784.171000	0.943670
784.374000	-0.598154
784.576000	-0.713142
784.779000	-0.243237
784.982000	0.200159
785.184000	-0.559012
785.387000	-0.085100
785.590000	0.604332
785.792000	0.363974
785.995000	-0.040503
786.198000	-0.184817
786.400000	-0.529629
786.603000	-0.612662
786.806000	-0.665061
787.008000	-0.312140
787.211000	-0.267866
787.414000	-1.161687
787.616000	-0.946581
787.819000	-0.939644
788.022000	-1.555948
788.224000	-0.943253
788.427000	-1.625155
788.630000	-0.947099
788.832000	-0.493804
789.035000	-1.110441
789.238000	-1.541268
789.440000	-1.149892
789.643000	-0.004646
789.846000	-0.750103
790.048000	-0.266208
790.251000	-0.163500
790.454000	-0.648030
790.656000	0.098265
790.859000	-0.642546
791.062000	-1.085326
791.264000	-0.399033
791.467000	-1.221021
791.669000	-1.808241
791.872000	-0.678512
792.075000	-1.085314
792.277000	-1.076010
792.480000	-0.595737
792.683000	-0.917305
792.885000	-1.222672
793.088000	-1.188956
793.291000	-1.402552
793.493000	-1.366744
793.696000	-0.407785
793.899000	-0.216481
794.101000	-0.641307
794.304000	-0.874729
794.507000	-0.575951
794.709000	-0.577549
794.912000	-1.018433
795.115000	-1.391444
795.317000	-0.834636
795.520000	-0.612782
795.723000	-0.890886
795.925000	-1.335818
796.128000	-1.540864
796.331000	-1.002631
796.533000	-1.519902
796.736000	-0.731427
796.939000	-0.583549
797.141000	-0.965147
797.344000	-0.155172
797.547000	0.015023
797.749000	-0.476416
797.952000	-0.751013
798.155000	-1.071250
798.357000	-1.462233
798.560000	-1.226255
798.763000	-0.482881
798.965000	-0.655080
799.168000	-0.544946
799.371000	-0.270242
799.573000	-0.905516
799.776000	-1.583184
799.978000	-1.537267
800.181000	-0.767530
800.384000	0.861581
800.586000	0.356819
800.789000	-1.318111
800.992000	-1.286225
801.194000	-1.485790
801.397000	-1.572677
801.600000	-1.296820
801.802000	0.015648
802.005000	-0.350576
802.208000	-1.831354
802.410000	-0.739254
802.613000	-0.584534
802.816000	-0.785560
803.018000	-1.369140
803.221000	-1.181035
803.424000	0.238821
803.626000	-0.005315
803.829000	-0.687869
804.032000	0.144353
804.234000	1.052918
804.437000	-0.434792
804.640000	-0.648959
804.842000	-0.747204
805.045000	-1.377589
805.248000	-1.142021
805.450000	-1.097649
805.653000	-1.256967
805.856000	-1.342563
806.058000	-0.114495
806.261000	-0.978239
806.464000	-1.099568
806.666000	-0.586269
806.869000	-0.799569
807.072000	-1.957354
807.274000	-2.212434
807.477000	-1.311168
807.679000	-0.891450
807.882000	-1.470666
808.085000	-1.212401
808.287000	-0.296409
808.490000	-1.204722
808.693000	-1.306503
808.895000	-0.937473
809.098000	-0.556016
809.301000	-0.783281
809.503000	-1.092294
809.706000	0.051214
809.909000	0.130859
810.111000	-0.199412
810.314000	-0.485392
810.517000	-0.973319
810.719000	-1.379484
810.922000	-1.132403
811.125000	0.235171
811.327000	0.144217
811.530000	-0.492282
811.735000	-0.896335
811.940000	-1.222902
812.146000	-1.169846
812.351000	-0.261926
812.556000	-0.554731
812.761000	-1.435162
812.967000	-0.535360
813.172000	-0.417259
813.377000	-0.878368
813.582000	-0.183523
813.788000	-0.220556
813.993000	-1.385423
814.198000	-0.827306
814.403000	-1.588260
814.609000	-0.724302
814.814000	-0.462998
815.019000	0.270089
815.224000	0.017997
815.429000	-0.996392
815.635000	-0.648174
815.840000	-0.842934
816.045000	-0.651834
816.250000	-0.250171
816.456000	-1.436360
816.661000	-2.449942
816.866000	-1.630731
817.071000	-1.445209
817.277000	-2.197268
817.482000	-1.357840
817.687000	-0.811707
817.892000	-0.841228
818.097000	-0.318782
818.303000	0.331280
818.508000	0.917040
818.713000	6.291135
818.918000	3.251186
819.124000	0.320302
819.329000	-0.914531
819.534000	-0.967863
819.739000	-1.170389
819.945000	-1.048785
820.150000	-0.683986
820.355000	-0.749365
820.560000	-0.338542
820.766000	-0.467488
820.971000	-0.599002
821.176000	-1.840111
821.381000	-2.401339
821.586000	-1.573788
821.792000	-0.188475
821.997000	-0.891213
822.202000	-0.918136
822.407000	-1.325865
822.613000	-1.682083
822.818000	-1.069632
823.023000	-0.584744
823.228000	-0.839799
823.434000	-0.244472
823.639000	0.099323
823.844000	-0.803316
824.049000	0.046507
824.255000	-0.046658
824.460000	-0.877240
824.665000	-1.160105
824.870000	-0.141299
825.075000	-0.235796
825.281000	-0.222992
825.486000	0.496211
825.691000	-1.776808
825.896000	-2.898932
826.102000	-1.139818
826.307000	-0.786816
826.512000	-1.201806
826.717000	-1.136626
826.923000	-1.264221
827.128000	-0.768504
827.333000	-1.581783
827.538000	-0.804345
827.744000	-0.161260
827.949000	-0.958728
828.154000	-0.779926
828.359000	0.049160
828.564000	-0.614053
828.770000	-0.885908
828.975000	0.305444
829.180000	-0.464057
829.385000	-2.033938
829.591000	-1.497828
829.796000	-0.741852
830.001000	-0.858729
830.206000	-1.527427
830.412000	-1.525868
830.617000	-1.529554
830.822000	-0.590104
831.027000	-1.286616
831.232000	-1.630825
831.438000	-1.318294
831.643000	-0.670137
831.848000	-1.188533
832.053000	-0.926297
832.259000	-0.942283
832.464000	-2.775262
832.669000	-2.486601
832.874000	-1.826508
833.080000	-1.894488
833.285000	-0.157505
833.490000	-0.292718
833.695000	-1.458116
833.901000	-1.297984
834.106000	-1.786501
834.311000	-0.985830
834.516000	-0.696497
834.721000	-1.793398
834.927000	-0.394169
835.132000	-0.689211
835.337000	0.891881
835.542000	-0.085818
835.748000	-1.938831
835.953000	-0.351603
836.158000	-0.321135
836.363000	-0.542616
836.569000	-0.594372
836.774000	-1.690984
836.979000	-1.995084
837.184000	-2.318641
837.390000	-2.067436
837.595000	-1.544726
837.800000	-1.147166
838.005000	-0.960482
838.210000	-1.526133
838.416000	-1.872500
838.621000	-1.048495
838.826000	-1.665195
839.031000	-1.657415
839.237000	-1.900120
839.442000	-2.463395
839.647000	-2.476169
839.852000	-1.875463
840.058000	-1.567151
840.263000	-1.708170
840.468000	-2.110253
840.673000	-1.192871
840.878000	-1.060403
841.084000	-2.007454
841.289000	-1.507274
841.494000	1.348197
841.699000	1.471761
841.905000	0.588547
842.110000	0.231545
842.315000	-1.727396
842.520000	-1.176198
842.726000	-1.660939
842.931000	-2.141132
843.136000	-0.805484
843.341000	-2.207605
843.547000	-1.314885
843.752000	-1.229213
843.957000	-2.135779
844.162000	-1.669046
844.367000	-1.265576
844.573000	-0.488855
844.778000	-0.523023
844.983000	-0.435441
845.188000	-0.205439
845.394000	-2.099983
845.599000	-1.699238
845.804000	-1.596778
846.009000	-0.699445
846.215000	-1.943795
846.420000	-1.747731
846.625000	-0.633436
846.830000	0.393330
847.036000	-1.001877
847.241000	-1.578418
847.446000	0.156900
847.651000	-0.565362
847.856000	-1.992016
848.062000	-2.072964
848.267000	-0.403456
848.472000	-1.760651
848.677000	-3.087383
848.883000	-0.763156
849.088000	1.018329
849.293000	-0.487286
849.498000	-1.078295
849.704000	-0.220091
849.909000	-0.834676
850.114000	-2.024392
850.319000	-1.336588
850.524000	-0.995868
850.730000	-0.768154
850.935000	-1.493666
851.140000	-0.655814
851.345000	-0.362114
851.551000	-0.049082
851.756000	-0.069084
851.961000	-1.395250
852.166000	-1.316771
852.372000	-1.201071
852.577000	-1.449816
852.782000	-1.783198
852.987000	-0.070321
853.193000	0.070575
853.398000	-0.131106
853.603000	-1.667761
853.808000	-2.659704
854.013000	-1.679250
854.219000	-0.438418
854.424000	1.709299
854.629000	1.097597
854.834000	-1.517980
855.040000	-0.883367
855.245000	-0.693974
855.450000	-2.736374
855.655000	-3.683204
855.861000	-3.497777
856.066000	-2.389383
856.271000	-2.625173
856.476000	-0.349113
856.682000	-1.221288
856.887000	-3.915293
857.092000	-2.498701
857.297000	-0.224187
857.502000	-0.802243
857.708000	-1.446852
857.913000	-0.182512
858.118000	-0.725944
858.323000	-0.967147
858.529000	-1.160951
858.734000	-1.272905
858.939000	-0.687431
859.144000	-2.266345
859.350000	-3.120771
859.555000	-2.976748
859.760000	-1.115465
859.965000	-0.099369
860.171000	-1.962706
860.376000	-0.790587
860.581000	-2.534415
860.786000	-4.742556
860.991000	-4.020037
861.197000	-3.319854
861.402000	-1.320463
861.607000	-1.750449
861.812000	-3.005582
862.018000	-3.426983
862.223000	-2.064625
862.428000	-0.906447
862.633000	-0.011479
862.839000	-0.750828
863.044000	-2.224724
863.249000	-2.125759
863.454000	-0.360459
863.659000	-1.691135
863.865000	-2.613780
864.070000	-2.526622
864.275000	-2.860448
864.480000	-2.069419
864.686000	-3.667502
864.891000	-2.910312
865.096000	-0.895001
865.301000	-0.657562
865.507000	-0.300650
865.712000	-0.589235
865.917000	-1.367584
866.122000	-0.424740
866.328000	-3.722291
866.533000	-3.695302
866.738000	-0.207592
866.943000	-0.305925
867.148000	0.553761
867.354000	-2.517684
867.559000	-3.684574
867.764000	-1.857524
867.969000	-0.513723
868.175000	-2.060444
868.380000	-2.919803
868.585000	-3.801942
868.790000	-1.397598
868.996000	-1.077306
869.201000	-2.579601
869.406000	-4.045618
869.611000	-3.616815
869.817000	-3.153217
870.022000	1.729943
870.227000	0.064229
870.432000	-2.672184
870.637000	-1.176072
870.843000	-1.858850
871.048000	-1.963790
871.253000	-0.195191
871.458000	-1.268644
871.664000	-3.540565
871.869000	-3.746840
872.074000	-2.589522
872.279000	-1.844975
872.485000	-2.417932
872.690000	-2.160082
872.895000	-3.004281
873.100000	-4.194779
873.306000	-3.724980
873.511000	-2.196001
873.716000	0.068348
873.921000	-1.731515
874.126000	-2.253187
874.332000	-1.723778
874.537000	-1.427420
874.742000	-0.815009
874.947000	-1.151402
875.153000	0.266047
875.358000	-0.547376
875.563000	-1.696694
875.768000	-4.351063
875.974000	-5.104170
876.179000	-1.657486
876.384000	-0.953771
876.589000	-2.801054
876.794000	-2.717958
877.000000	-3.353473
877.205000	-4.326678
877.410000	-1.054494
877.615000	-2.956242
877.821000	-4.931971
878.026000	-3.042150
878.231000	-4.438495
878.436000	-4.941560
878.642000	-3.801510
878.847000	-2.074155
879.052000	-0.954808
879.257000	-3.244936
879.463000	-3.931941
879.668000	-2.805142
879.873000	-1.206988
880.078000	-3.659711
880.283000	-5.563427
880.489000	-5.503324
880.694000	-4.111541
880.899000	-2.352001
881.104000	-0.746555
881.310000	1.477837
881.515000	0.106525
881.720000	1.205108
881.925000	2.469829
882.131000	3.912086
882.336000	0.479246
882.541000	-3.505753
882.746000	-3.429098
882.952000	-3.800466
883.157000	-3.590333
883.362000	-3.878492
883.567000	-4.115481
883.772000	-4.408325
883.978000	-4.030784
884.183000	-1.485038
884.388000	-2.150662
884.593000	-4.159626
884.799000	0.496265
885.004000	0.081173
885.209000	-1.153157
885.414000	-0.728369
885.620000	-4.287704
885.825000	-1.494239
886.030000	-2.146842
886.235000	-3.479129
886.440000	-2.543788
886.646000	-5.087796
886.851000	-5.113385
887.056000	-0.790489
887.261000	-1.363423
887.467000	-4.208321
887.672000	-1.956846
887.877000	-3.574495
888.082000	-5.138161
888.288000	-6.078232
888.493000	-7.899371
888.698000	-5.662295
888.903000	-2.621414
889.109000	-3.794044
889.314000	-0.572030
889.519000	-1.536883
889.724000	0.605261
889.929000	-1.644771
890.135000	-2.586633
890.340000	-1.976314
890.545000	-3.234084
890.750000	-5.133400
890.956000	-2.970760
891.161000	-0.438827
891.366000	-3.186085
891.571000	-2.170212
891.777000	-2.172236
891.982000	-0.479161
892.187000	-0.944608
892.392000	-0.160023
892.598000	-0.160937
892.803000	-0.306679
893.008000	-3.442220
893.213000	-3.972363
893.418000	-3.927956
893.624000	-4.566191
893.829000	-6.970550
894.034000	-4.286087
894.239000	-2.071108
894.445000	-4.882346
894.650000	-4.502636
894.855000	-4.361043
895.060000	-3.692434
895.266000	-3.420224
895.471000	-5.235107
895.676000	-1.800630
895.881000	-1.254440
896.087000	-2.565545
896.292000	-3.072293
896.497000	0.511406
896.702000	-0.584817
896.907000	-3.419844
897.113000	0.587883
897.318000	1.004582
897.523000	0.133030
897.728000	-2.689927
897.934000	-4.240572
898.139000	-3.603938
898.344000	0.173229
898.549000	-1.490510
898.755000	-3.857551
898.960000	-3.803354
899.165000	-6.107616
899.370000	-2.606209
899.575000	1.473418
899.781000	-3.053709
899.986000	-3.802558
900.191000	-2.795780
900.396000	-2.878430
900.602000	-1.897190
900.807000	-2.111713
901.012000	-1.720616
901.217000	-0.426149
901.423000	-3.660405
901.628000	-4.687205
901.833000	0.224312
902.038000	0.102753
902.244000	-3.955361
902.449000	-3.813734
902.654000	-3.312296
902.859000	-1.392480
903.064000	-0.313244
903.270000	-0.523950
903.475000	-3.838255
903.680000	-6.641997
903.885000	-5.258804
904.091000	-3.969705
904.296000	-6.116761
904.501000	-5.199550
904.706000	-4.400567
904.912000	-0.282073
905.117000	-1.547008
905.322000	-5.118013
905.527000	-4.525818
905.733000	-3.303611
905.938000	-3.456377
906.143000	-4.745574
906.348000	-6.979138
906.553000	-2.358039
906.759000	-1.009956
906.964000	-2.729141
907.169000	-3.606427
907.374000	-5.997281
907.580000	-4.937135
907.785000	-4.142747
907.990000	26.376429
908.195000	16.790947
908.401000	-2.035213
908.606000	-8.679543
908.811000	-10.879769
909.016000	-2.792610
909.221000	-1.624371
909.427000	-3.669726
909.632000	-5.517094
909.837000	-4.978343
910.042000	-6.777617
910.248000	-8.798896
910.453000	-4.067468
910.658000	-4.638394
910.863000	-5.320012
911.069000	-6.372831
911.274000	-2.552980
911.479000	-0.872856
911.684000	-6.852083
911.890000	-3.689315
912.095000	-5.050793
912.300000	-8.680477
912.506000	-6.406171
912.711000	-6.178364
912.917000	-3.771910
913.123000	-1.926163
913.328000	-1.886383
913.534000	-1.225661
913.740000	6.643988
913.946000	1.504355
914.151000	-5.538225
914.357000	-7.162256
914.563000	-2.562293
914.768000	-5.670661
914.974000	-7.883042
915.180000	-7.253398
915.385000	-6.955159
915.591000	-8.888095
915.797000	-3.285287
916.002000	0.305692
916.208000	-3.347478
916.414000	-6.796453
916.620000	-6.586758
916.825000	-2.446140
917.031000	-3.854902
917.237000	-9.858835
917.442000	-6.367506
917.648000	-7.856376
917.854000	-8.138778
918.059000	-1.303052
918.265000	0.260284
918.471000	-3.052024
918.676000	-7.256210
918.882000	-9.965512
919.088000	-7.495224
919.294000	-12.090738
919.499000	-7.064115
919.705000	-1.239173
919.911000	-2.992019
920.116000	-1.556771
920.322000	-9.227046
920.528000	-6.626010
920.733000	-6.781001
920.939000	-7.436519
921.145000	-7.419679
921.350000	-7.007491
921.556000	-5.083055
921.762000	-4.560076
921.968000	-6.491866
922.173000	-8.209449
922.379000	-9.842646
922.585000	-6.051798
922.790000	-6.128064
922.996000	-7.232613
923.202000	-7.988519
923.407000	-7.903988
923.613000	-5.961222
923.819000	-4.023651
924.024000	-4.267647
924.230000	-2.671428
924.436000	-6.227393
924.642000	4.513308
924.847000	1.148737
925.053000	-6.989531
925.259000	-10.620448
925.464000	-4.310956
925.670000	-5.568185
925.876000	-7.118469
926.081000	-9.008107
926.287000	-4.817071
926.493000	-1.997127
926.698000	-3.528080
926.904000	-3.072657
927.110000	-6.218532
927.316000	-5.660458
927.521000	0.700934
927.727000	-4.905427
927.933000	-8.311464
928.138000	-6.081455
928.344000	-11.272390
928.550000	-6.849969
928.755000	-1.896664
928.961000	-6.142273
929.167000	-7.112504
929.372000	-0.195102
929.578000	-0.511935
929.784000	-7.259219
929.990000	-10.640050
930.195000	-7.152094
930.401000	-4.709626
930.607000	-5.043782
930.812000	-5.174567
931.018000	-7.814495
931.224000	-13.309204
931.429000	-10.620377
931.635000	-14.005195
931.841000	-13.554706
932.046000	-8.545042
932.252000	-3.597493
932.458000	3.971657
932.664000	-1.684281
932.869000	-7.911429
933.075000	-10.663936
933.281000	-10.903999
933.486000	-2.638969
933.692000	-3.190023
933.898000	-8.876175
934.103000	-1.948370
934.309000	-5.320234
934.515000	-2.962478
934.720000	-1.179626
934.926000	0.618550
935.132000	-1.380953
935.338000	-3.995205
935.543000	-13.231726
935.749000	-15.228608
935.955000	-14.605533
936.160000	-12.170383
936.366000	-2.873182
936.572000	-5.397007
936.777000	-4.143716
936.983000	0.788629
937.189000	-4.397966
937.394000	-10.794439
937.600000	-1.025107
937.806000	4.293332
938.012000	-7.562965
938.217000	3.948686
938.423000	0.056012
938.629000	-10.139642
938.834000	-15.854379
939.040000	-14.237701
939.246000	-8.911239
939.451000	-10.187912
939.657000	-5.702844
939.863000	-10.553352
940.068000	-2.347875
940.274000	-9.273873
940.480000	-3.746615
940.686000	-1.688630
940.891000	-8.620200
941.097000	16.708135
941.303000	4.492795
941.508000	-9.865590
941.714000	-7.231452
941.920000	-18.477627
942.125000	-5.278239
942.331000	-2.422273
942.537000	1.897102
942.742000	1.255557
942.948000	-8.790168
943.154000	-15.116498
943.360000	-26.570823
943.565000	-8.426102
943.771000	2.381754
943.977000	2.230309
944.182000	-16.799870
944.388000	-19.176713
944.594000	-5.424803
944.799000	3.815074
945.005000	-4.706046
945.211000	1.846960
945.416000	-1.597610
945.622000	-16.643393
945.828000	-13.303515
946.034000	-1.931575
946.239000	-0.935210
946.445000	-7.437066
946.651000	-17.835581
946.856000	-16.326205
947.062000	-1.347621
947.268000	-1.357070
947.473000	-18.287304
947.679000	-22.583438
947.885000	-5.283416
948.090000	-0.072820
948.296000	10.441308
948.502000	-2.992405
948.708000	-13.031223
948.913000	-12.888014
949.119000	-2.904325
949.325000	-11.103051
949.530000	-22.891747
949.736000	-26.974247
949.942000	-14.877671
950.147000	-15.731522
950.353000	-15.302271
950.559000	-10.725958
950.764000	9.034151
950.970000	6.990947
951.176000	-8.288769
951.382000	-16.190563
951.587000	-2.110857
951.793000	5.272676
951.999000	-0.387889
952.204000	-14.022179
952.410000	-27.406267
952.616000	-14.867511
952.821000	-11.552519
953.027000	-19.650115
953.233000	-20.793926
953.438000	-19.191791
953.644000	-1.194007
953.850000	-7.567092
954.056000	-14.569853
954.261000	-9.476611
954.467000	-0.081186
954.673000	2.349482
954.878000	-9.023745
955.084000	-7.732567
955.290000	-24.108467
955.495000	-25.162483
955.701000	-17.738387
955.907000	-0.249723
956.112000	-3.579732
956.318000	4.372993
956.524000	3.421853
956.730000	-10.087936
956.935000	-11.648976
957.141000	-14.272269
957.347000	-1.285421
957.552000	-6.934016
957.758000	-27.669452
957.964000	-33.834887
958.169000	3.043381
958.375000	0.610562
958.581000	-13.936212
958.786000	-22.431232
958.992000	-27.634774
959.198000	-8.512569
959.404000	-4.910834
959.609000	-17.234946
959.815000	-21.721531
960.021000	-1.545673
960.226000	-6.329154
960.432000	-31.068466
960.638000	-21.244390
960.843000	-14.225512
961.049000	-14.521253
961.255000	-1.222891
961.460000	-14.496108
961.666000	-35.428570
961.872000	-24.030136
962.078000	-21.946912
962.283000	-32.080019
962.489000	-30.477632
962.695000	-18.551922
962.900000	-14.120924
963.106000	-15.258104
963.312000	-21.638904
963.517000	-25.001539
963.723000	-26.720218
963.929000	-5.561431
964.134000	8.779954
964.340000	-15.409230
964.546000	-22.681821
964.752000	-27.014327
964.957000	-27.664759
965.163000	2.841084
965.369000	-0.319820
965.574000	-3.985193
965.780000	-10.456387
966.000000	-20.390384
966.220000	-16.171115
966.440000	-11.237842
966.661000	4.500369
966.881000	-19.488137
967.101000	-38.245900
967.321000	-42.901892
967.541000	-15.951650
967.761000	-23.583848
967.981000	-18.155031
968.202000	-13.273848
968.422000	-2.897207
968.642000	-2.888294
968.862000	-2.005088
969.082000	-12.237646
969.302000	-3.803088
969.522000	-7.114183
969.743000	4.109641
969.963000	-17.881092
970.183000	-30.969596
970.403000	-30.932182
970.623000	-29.769660
970.843000	5.579054
971.063000	3.147310
971.284000	-26.724673
971.504000	-41.178719
971.724000	-13.252217
971.944000	-25.172298
972.164000	-40.897992
972.384000	-25.506917
972.604000	-41.894102
972.825000	-51.523872
973.045000	-34.189146
973.265000	24.985334
973.485000	13.744572
973.705000	-8.347720
973.925000	-20.143121
974.145000	-53.994054
974.365000	-18.923066
974.586000	-16.744164
974.806000	-37.347536
975.026000	-7.040541
975.246000	-13.309088
975.466000	-28.033630
975.686000	-19.305785
975.906000	-29.345223
976.127000	-52.700644
976.347000	-42.533008
976.567000	-6.423887
976.787000	-14.535819
977.007000	-29.040466
977.227000	-28.093944
977.447000	-32.574478
977.668000	-51.761177
977.888000	-39.356663
978.108000	-39.878004
978.328000	-18.232272
978.548000	11.918945
978.768000	14.407461
978.988000	2.536753
979.209000	-19.696823
979.429000	-23.196519
979.649000	-14.731396
979.869000	-35.909864
980.089000	-51.685218
980.309000	-49.274038
980.529000	-57.477257
980.750000	-40.847163
980.970000	-50.343654
981.190000	-36.428793
981.410000	-29.641455
981.630000	-41.833600
981.850000	-33.512840
982.070000	-21.527594
982.291000	-56.501537
982.511000	-56.326961
982.731000	-20.731882
982.951000	-39.928753
983.171000	-32.563827
983.391000	-23.085844
983.611000	0.589734
983.832000	-40.371465
984.052000	-57.624265
984.272000	-34.940395
984.492000	-26.709344
984.712000	-39.567412
984.932000	-62.383625
985.152000	-62.915044
985.373000	-45.561626
985.593000	-26.969318
985.813000	-35.023191
986.033000	-45.459678
986.253000	-5.150395
986.473000	1.490545
986.693000	-39.245684
986.914000	-42.910829
987.134000	2.065101
987.354000	-29.179391
987.574000	192.719167
987.794000	118.243294
988.014000	-47.192754
988.234000	-40.493636
988.455000	-12.641657
988.675000	-4.234981
988.895000	-11.085656
989.115000	-43.583453
989.335000	-34.259793
989.555000	-20.518887
989.775000	-56.147329
989.995000	-41.143453
990.216000	-31.876298
990.436000	-31.915252
990.656000	3.567592
990.876000	-29.415817
991.096000	-17.253803
991.316000	11.666779
991.536000	-27.692372
991.757000	-46.893381
991.977000	-85.938613
992.197000	-22.901291
992.417000	-37.807176
992.637000	-80.384741
992.857000	-77.622982
993.077000	-70.884283
993.298000	-45.974465
993.518000	-49.924137
993.738000	-101.655504
993.958000	-62.279061
994.178000	-65.345589
994.398000	-51.635872
994.618000	-80.785729
994.839000	-132.129722
995.059000	-40.405309
995.279000	32.016393
995.499000	-16.985781
995.719000	-9.017693
995.939000	-32.466055
996.159000	-47.540219
996.380000	-31.525061
996.600000	-72.563021
996.820000	-44.051400
997.040000	7.650357
997.260000	-63.837055
997.480000	-53.470698
997.700000	-111.564742
997.921000	-63.770495
998.141000	26.836556
998.361000	-12.994481
998.581000	-67.418028
998.801000	-102.379582
999.021000	-68.035544
999.241000	-41.341726
999.462000	-72.609537
999.682000	-122.680454
999.902000	-78.589594
1000.122000	-92.157670
1000.342000	-163.256006
1000.562000	-79.186003
1000.782000	-55.913614
1001.003000	-957.917710
